desc: I1 cache:         16384 B, 64 B, 4-way associative
desc: D1 cache:         16384 B, 64 B, 4-way associative
desc: LL cache:         262144 B, 64 B, 8-way associative
cmd: ./loop_A 524288
events: Ir I1mr ILmr Dr D1mr DLmr Dw D1mw DLmw 
fl=/build/glibc-D9JkfM/glibc-2.27/csu/../csu/init-first.c
fn=_init
52 8 1 1 0 0 0 7 1 1
55 5 0 0 1 1 0 1 1 0
62 8 2 2 4 3 0 0 0 0
67 2 0 0 0 0 0 1 1 1
68 2 0 0 0 0 0 1 0 0
69 3 1 1 1 1 0 1 1 1
81 4 0 0 0 0 0 0 0 0
84 1 0 0 0 0 0 0 0 0
89 5 0 0 7 0 0 0 0 0
fl=/build/glibc-D9JkfM/glibc-2.27/csu/../csu/libc-start.c
fn=(below main)
137 9 1 1 0 0 0 9 0 0
141 5 1 1 1 0 0 1 0 0
239 1 0 0 0 0 0 0 0 0
240 4 0 0 0 0 0 0 0 0
262 5 0 0 2 0 0 0 0 0
265 1 0 0 0 0 0 0 0 0
266 6 1 1 4 0 0 0 0 0
270 4 0 0 2 0 0 0 0 0
285 1 0 0 0 0 0 0 0 0
297 2 0 0 0 0 0 0 0 0
298 1 0 0 0 0 0 0 0 0
300 1 0 0 0 0 0 0 0 0
303 2 1 1 1 1 0 0 0 0
304 2 0 0 1 0 0 2 0 0
307 2 0 0 0 0 0 1 0 0
310 7 0 0 5 0 0 0 0 0
344 1 1 1 0 0 0 0 0 0
fl=/build/glibc-D9JkfM/glibc-2.27/csu/../sysdeps/generic/dl-hash.h
fn=_init
43 2 0 0 0 0 0 0 0 0
44 2 0 0 0 0 0 0 0 0
45 15 0 0 7 1 1 0 0 0
48 14 0 0 0 0 0 0 0 0
62 21 0 0 0 0 0 0 0 0
67 1 0 0 0 0 0 0 0 0
fl=/build/glibc-D9JkfM/glibc-2.27/csu/../sysdeps/unix/sysv/linux/aarch64/init-first.c
fn=_init
31 11 1 1 0 0 0 3 0 0
36 5 0 0 0 0 0 0 0 0
37 4 1 1 2 0 0 0 0 0
38 2 0 0 0 0 0 1 0 0
40 4 0 0 0 0 0 0 0 0
41 2 0 0 1 0 0 0 0 0
42 3 1 1 1 1 0 1 0 0
44 4 0 0 0 0 0 0 0 0
45 2 0 0 1 0 0 0 0 0
46 3 0 0 1 0 0 1 0 0
fl=/build/glibc-D9JkfM/glibc-2.27/ctype/ctype-info.c
fn=__ctype_init
31 9 2 2 4 2 0 1 0 0
33 5 0 0 3 2 0 1 0 0
35 5 1 1 2 0 0 1 0 0
36 1 0 0 0 0 0 0 0 0
fl=/build/glibc-D9JkfM/glibc-2.27/debug/../libio/libioP.h
fn=__printf_chk
805 4 0 0 1 0 0 1 0 0
806 2 0 0 1 0 0 0 0 0
807 11 1 1 3 0 0 3 0 0
fl=/build/glibc-D9JkfM/glibc-2.27/debug/printf_chk.c
fn=__printf_chk
26 23 3 3 2 0 0 23 4 4
30 27 1 1 9 6 6 4 0 0
31 2 0 0 0 0 0 0 0 0
32 5 0 0 3 0 0 1 0 0
34 8 1 1 0 0 0 5 0 0
35 10 1 0 6 0 0 4 0 0
38 2 0 0 0 0 0 0 0 0
39 5 1 1 3 0 0 1 0 0
43 11 0 0 11 0 0 0 0 0
fl=/build/glibc-D9JkfM/glibc-2.27/elf/../elf/dl-sysdep.c
fn=_dl_sysdep_start
88 8 1 1 0 0 0 11 2 2
89 1 1 1 0 0 0 0 0 0
90 1 0 0 0 0 0 0 0 0
112 2 0 0 0 0 0 1 0 0
113 58 2 2 22 3 3 4 4 4
116 3 0 0 0 0 0 1 0 0
117 1 0 0 0 0 0 1 1 1
119 81 3 3 27 2 2 6 0 0
120 160 2 2 0 0 0 0 0 0
123 1 1 1 1 0 0 0 0 0
126 1 0 0 1 1 1 0 0 0
129 1 1 1 1 1 1 0 0 0
130 1 0 0 0 0 0 0 0 0
132 1 0 0 1 0 0 0 0 0
133 1 0 0 0 0 0 0 0 0
153 1 0 0 1 1 1 0 0 0
154 1 0 0 0 0 0 0 0 0
156 1 0 0 1 0 0 0 0 0
157 1 0 0 0 0 0 0 0 0
159 1 1 1 1 0 0 0 0 0
160 1 0 0 0 0 0 0 0 0
165 1 0 0 1 0 0 0 0 0
166 1 0 0 0 0 0 0 0 0
181 1 0 0 1 0 0 0 0 0
182 1 0 0 0 0 0 0 0 0
224 1 0 0 0 0 0 0 0 0
235 3 0 0 1 0 0 0 0 0
236 2 0 0 0 0 0 1 0 0
238 6 1 1 0 0 0 0 0 0
250 3 0 0 1 0 0 0 0 0
251 3 1 1 0 0 0 1 0 0
253 6 0 0 1 0 0 0 0 0
255 8 2 0 12 3 0 0 0 0
fn=_dl_sysdep_start_cleanup
260 1 1 0 0 0 0 0 0 0
fl=/build/glibc-D9JkfM/glibc-2.27/elf/../misc/sbrk.c
fn=sbrk
32 5 0 0 0 0 0 5 0 0
40 6 1 1 2 1 1 0 0 0
44 2 0 0 0 0 0 0 0 0
60 5 1 1 5 0 0 0 0 0
fl=/build/glibc-D9JkfM/glibc-2.27/elf/../sysdeps/aarch64/dl-irel.h
fn=_dl_start
34 4 0 0 0 0 0 1 0 0
fl=/build/glibc-D9JkfM/glibc-2.27/elf/../sysdeps/aarch64/dl-machine.h
fn=_dl_fixup
220 4 0 0 0 0 0 4 0 0
fn=_dl_relocate_object
67 20 1 1 4 0 0 0 0 0
73 4 1 1 4 1 0 0 0 0
74 4 0 0 2 2 2 0 0 0
78 2 1 1 0 0 0 2 0 0
86 4 0 0 2 0 0 0 0 0
101 6 1 1 2 2 0 2 0 0
247 115 0 0 0 0 0 0 0 0
249 230 0 0 0 0 0 0 0 0
251 115 1 1 0 0 0 0 0 0
256 4429 8 8 1005 87 70 594 1 0
257 428 2 2 212 0 0 0 0 0
259 9 0 0 0 0 0 0 0 0
260 424 0 0 106 0 0 0 0 0
265 488 6 6 0 0 0 0 0 0
293 308 2 2 101 13 12 101 17 4
304 12 1 1 0 0 0 4 0 0
317 21 1 1 0 0 0 4 1 0
325 4 0 0 0 0 0 0 0 0
350 56 2 2 14 0 0 0 0 0
351 14 0 0 0 0 0 14 2 1
352 70 0 0 42 1 1 0 0 0
376 5076 1 1 2538 478 477 1269 228 223
386 13 0 0 0 0 0 0 0 0
387 13 0 0 26 4 4 0 0 0
389 26 1 1 0 0 0 0 0 0
391 26 0 0 13 0 0 0 0 0
394 39 0 0 13 2 2 13 0 0
fn=_dl_start
43 1 0 0 0 0 0 0 0 0
58 4 0 0 1 1 1 0 0 0
247 12 0 0 0 0 0 0 0 0
249 24 0 0 0 0 0 0 0 0
251 12 0 0 0 0 0 0 0 0
257 36 0 0 24 1 1 0 0 0
260 48 1 1 12 9 9 0 0 0
265 48 0 0 0 0 0 0 0 0
293 48 2 2 12 1 1 12 2 2
325 2 0 0 0 0 0 0 0 0
376 184 0 0 92 18 18 46 22 22
fn=_dl_sysdep_start
201 5 0 0 2 1 1 0 0 0
fl=/build/glibc-D9JkfM/glibc-2.27/elf/../sysdeps/aarch64/dl-trampoline.S
fn=_dl_runtime_resolve
48 4 2 2 0 0 0 8 4 2
53 4 0 0 0 0 0 8 0 0
57 4 0 0 0 0 0 8 2 0
61 4 0 0 0 0 0 8 0 0
65 4 0 0 0 0 0 8 1 1
69 4 0 0 0 0 0 8 2 0
73 4 0 0 0 0 0 8 1 1
77 4 0 0 0 0 0 8 0 0
81 4 0 0 0 0 0 8 0 0
86 4 0 0 4 0 0 0 0 0
89 4 0 0 4 0 0 0 0 0
91 4 0 0 0 0 0 0 0 0
92 4 2 2 0 0 0 0 0 0
93 4 0 0 0 0 0 0 0 0
94 4 0 0 0 0 0 0 0 0
95 4 0 0 0 0 0 0 0 0
98 4 0 0 0 0 0 0 0 0
101 4 0 0 0 0 0 0 0 0
104 4 0 0 8 0 0 0 0 0
105 4 0 0 8 0 0 0 0 0
106 4 0 0 8 0 0 0 0 0
107 4 0 0 8 0 0 0 0 0
108 4 0 0 8 0 0 0 0 0
109 4 0 0 8 0 0 0 0 0
110 4 0 0 8 0 0 0 0 0
111 4 0 0 8 0 0 0 0 0
112 4 0 0 8 0 0 0 0 0
115 4 0 0 8 0 0 0 0 0
119 4 2 2 0 0 0 0 0 0
fl=/build/glibc-D9JkfM/glibc-2.27/elf/../sysdeps/generic/ldsodefs.h
fn=_dl_relocate_object
102 303 1 1 101 0 0 0 0 0
fn=do_lookup_x
102 279 0 0 93 0 0 0 0 0
fl=/build/glibc-D9JkfM/glibc-2.27/elf/../sysdeps/posix/dl-fileid.h
fn=_dl_map_object_from_fd
37 10 0 0 0 0 0 0 0 0
41 4 0 0 4 0 0 2 0 0
49 19 0 0 7 2 1 0 0 0
fl=/build/glibc-D9JkfM/glibc-2.27/elf/../sysdeps/unix/sysv/linux/aarch64/cpu-features.c
fn=_dl_sysdep_start
60 5 1 1 1 0 0 0 0 0
61 1 0 0 0 0 0 0 0 0
69 4 1 1 1 0 0 0 0 0
75 2 1 1 0 0 0 1 0 0
79 1 0 0 0 0 0 0 0 0
81 1 0 0 0 0 0 0 0 0
fl=/build/glibc-D9JkfM/glibc-2.27/elf/../sysdeps/unix/sysv/linux/dl-osinfo.h
fn=dl_main
64 1 0 0 0 0 0 0 0 0
fl=/build/glibc-D9JkfM/glibc-2.27/elf/../sysdeps/unix/sysv/linux/dl-sysdep.c
fn=_dl_discover_osversion
45 4 1 1 0 0 0 3 1 1
47 3 1 1 1 0 0 0 0 0
87 4 1 1 0 0 0 0 0 0
102 1 0 0 0 0 0 0 0 0
106 1 0 0 0 0 0 0 0 0
107 1 0 0 0 0 0 0 0 0
109 15 0 0 3 1 1 0 0 0
111 3 0 0 0 0 0 0 0 0
113 25 1 1 5 0 0 0 0 0
115 2 0 0 0 0 0 0 0 0
116 2 0 0 0 0 0 0 0 0
119 3 0 0 0 0 0 0 0 0
121 3 0 0 0 0 0 0 0 0
123 13 0 0 0 0 0 0 0 0
128 2 1 1 0 0 0 0 0 0
132 4 0 0 3 0 0 0 0 0
fn=_dl_sysdep_start
35 2 0 0 0 0 0 0 0 0
fl=/build/glibc-D9JkfM/glibc-2.27/elf/../sysdeps/unix/sysv/linux/dl-vdso.c
fn=_dl_vdso_vsym
25 24 2 2 6 1 0 12 1 1
26 9 0 0 6 1 0 0 0 0
27 3 1 1 0 0 0 0 0 0
30 3 0 0 0 0 0 0 0 0
47 3 0 0 0 0 0 0 0 0
48 24 0 0 18 0 0 0 0 0
fl=/build/glibc-D9JkfM/glibc-2.27/elf/../sysdeps/unix/sysv/linux/generic/brk.c
fn=brk
33 1 1 1 0 0 0 0 0 0
36 4 0 0 0 0 0 1 0 0
37 2 1 1 0 0 0 0 0 0
43 1 0 0 0 0 0 0 0 0
44 1 0 0 0 0 0 0 0 0
fl=/build/glibc-D9JkfM/glibc-2.27/elf/../sysdeps/unix/sysv/linux/not-errno.h
fn=_dl_important_hwcaps
30 6 0 0 0 0 0 0 0 0
fn=_dl_load_cache_lookup
30 6 1 1 0 0 0 0 0 0
32 3 0 0 0 0 0 0 0 0
fl=/build/glibc-D9JkfM/glibc-2.27/elf/./dl-load.h
fn=_dl_map_object_from_fd
90 4 0 0 0 0 0 0 0 0
91 8 1 1 4 0 0 2 0 0
93 8 0 0 4 0 0 0 0 0
94 4 0 0 2 0 0 0 0 0
95 5 1 1 2 0 0 0 0 0
96 3 0 0 1 0 0 0 0 0
98 4 0 0 0 0 0 1 0 0
fl=/build/glibc-D9JkfM/glibc-2.27/elf/./dl-map-segments.h
fn=_dl_map_object_from_fd
50 2 0 0 2 1 0 0 0 0
51 2 0 0 0 0 0 0 0 0
56 22 0 0 4 0 0 8 0 0
60 12 1 1 8 0 0 0 0 0
63 6 0 0 2 0 0 2 0 0
64 4 0 0 0 0 0 2 0 0
66 2 0 0 0 0 0 0 0 0
73 26 2 2 8 0 0 4 0 0
80 8 0 0 2 0 0 2 0 0
90 16 0 0 0 0 0 0 0 0
92 8 0 0 6 0 0 0 0 0
94 28 1 1 10 0 0 6 0 0
104 12 0 0 8 0 0 0 0 0
110 4 0 0 2 0 0 0 0 0
111 2 1 1 0 0 0 0 0 0
112 14 0 0 2 0 0 0 0 0
113 2 0 0 0 0 0 0 0 0
120 4 0 0 0 0 0 0 0 0
123 2 0 0 0 0 0 0 0 0
131 24 1 1 10 0 0 10 0 0
137 4 0 0 0 0 0 0 0 0
141 8 0 0 0 0 0 2 0 0
144 3 0 0 2 0 0 0 0 0
149 4 0 0 0 0 0 0 0 0
fl=/build/glibc-D9JkfM/glibc-2.27/elf/dl-addr.c
fn=_dl_addr
30 1 1 1 1 0 0 0 0 0
31 2 0 0 1 0 0 2 0 0
34 2 0 0 1 0 0 0 0 0
38 1 0 0 1 0 0 0 0 0
39 1 0 0 2 0 0 0 0 0
40 1 0 0 1 0 0 0 0 0
42 2 0 0 2 0 0 0 0 0
44 1 1 1 0 0 0 0 0 0
45 2 0 0 1 1 0 0 0 0
50 3066 0 0 2 0 0 0 0 0
52 1021 0 0 1021 63 19 0 0 0
53 1021 0 0 0 0 0 0 0 0
55 2781 0 0 927 0 0 0 0 0
61 7799 1 1 2258 488 443 0 0 0
63 9032 0 0 2258 0 0 0 0 0
64 15070 1 1 5144 358 326 0 0 0
69 2258 0 0 0 0 0 0 0 0
71 4516 0 0 2258 142 79 0 0 0
100 1 1 1 0 0 0 0 0 0
101 1 0 0 0 0 0 1 1 0
102 1 0 0 0 0 0 0 0 0
105 1 0 0 0 0 0 0 0 0
118 2 0 0 0 0 0 2 1 0
126 9 2 2 0 0 0 8 1 0
128 1 0 0 0 0 0 0 0 0
131 5 0 0 2 1 0 0 0 0
133 2 0 0 0 0 0 0 0 0
135 1 0 0 0 0 0 0 0 0
138 1 1 1 0 0 0 0 0 0
141 4 0 0 2 2 0 0 0 0
144 6 0 0 8 1 0 0 0 0
fl=/build/glibc-D9JkfM/glibc-2.27/elf/dl-cache.c
fn=_dl_cache_libcmp
142 109 1 1 60 10 10 0 0 0
144 288 0 0 0 0 0 0 0 0
146 2 0 0 0 0 0 0 0 0
152 1 0 0 0 0 0 0 0 0
153 2 1 1 0 0 0 0 0 0
154 5 1 1 1 0 0 0 0 0
156 5 0 0 1 0 0 0 0 0
158 2 0 0 0 0 0 0 0 0
164 94 1 1 0 0 0 0 0 0
166 94 0 0 0 0 0 0 0 0
167 9 0 0 0 0 0 0 0 0
170 38 0 0 0 0 0 0 0 0
171 76 0 0 38 0 0 0 0 0
174 1 0 0 0 0 0 0 0 0
175 10 0 0 0 0 0 0 0 0
fn=_dl_load_cache_lookup
187 6 1 1 0 0 0 7 0 0
195 3 0 0 1 0 0 0 0 0
198 4 1 1 1 1 1 0 0 0
201 6 1 1 0 0 0 0 0 0
209 5 1 1 1 0 0 0 0 0
210 14 0 0 3 1 1 0 0 0
214 1 0 0 0 0 0 1 0 0
217 5 1 1 1 0 0 0 0 0
220 2 0 0 0 0 0 1 0 0
221 3 0 0 0 0 0 0 0 0
222 20 3 3 3 1 1 0 0 0
249 5 0 0 2 0 0 0 0 0
258 2 0 0 0 0 0 0 0 0
264 5 0 0 1 0 0 0 0 0
266 2 0 0 0 0 0 0 0 0
270 3 0 0 1 0 0 0 0 0
271 2 0 0 0 0 0 0 0 0
285 214 8 8 18 10 10 0 0 0
301 2 0 0 1 0 0 0 0 0
305 1 0 0 0 0 0 0 0 0
313 6 1 1 0 0 0 0 0 0
314 4 0 0 0 0 0 0 0 0
315 1 0 0 0 0 0 0 0 0
316 6 0 0 7 0 0 0 0 0
fn=_dl_unload_cache
325 3 0 0 0 0 0 3 0 0
326 6 0 0 1 1 0 0 0 0
328 2 0 0 1 1 0 0 0 0
329 1 0 0 0 0 0 1 0 0
331 3 1 1 3 0 0 0 0 0
fl=/build/glibc-D9JkfM/glibc-2.27/elf/dl-debug.c
fn=_dl_debug_initialize
46 4 1 1 0 0 0 0 0 0
49 4 0 0 0 0 0 0 0 0
50 8 1 1 4 0 0 0 0 0
54 11 0 0 4 0 0 0 0 0
57 2 0 0 0 0 0 1 0 0
58 2 1 1 0 0 0 1 0 0
59 6 0 0 1 0 0 0 0 0
60 3 0 0 0 0 0 2 0 0
64 4 0 0 0 0 0 0 0 0
fn=_dl_debug_state
74 2 2 1 0 0 0 0 0 0
fl=/build/glibc-D9JkfM/glibc-2.27/elf/dl-deps.c
fn=_dl_map_object_deps
143 3 0 0 0 0 0 2 0 0
144 1 0 0 0 0 0 1 0 0
145 5 1 1 0 0 0 3 0 0
147 2 0 0 0 0 0 0 0 0
151 9 0 0 2 0 0 2 0 0
158 9 1 1 0 0 0 14 0 0
159 7 1 1 0 0 0 0 0 0
175 14 2 2 5 0 0 1 0 0
176 1 0 0 1 0 0 0 0 0
179 2 0 0 1 0 0 1 0 0
186 2 0 0 0 0 0 3 0 0
198 3 1 1 1 0 0 1 0 0
199 5 0 0 3 0 0 0 0 0
200 3 0 0 0 0 0 2 0 0
206 6 1 1 0 0 0 0 0 0
209 16 0 0 7 0 0 5 0 0
213 8 0 0 4 1 0 0 0 0
214 26 1 1 11 2 1 0 0 0
216 4 0 0 0 0 0 0 0 0
218 6 1 1 4 0 0 0 0 0
220 22 0 0 0 0 0 4 0 0
225 16 2 2 8 5 1 0 0 0
227 4 0 0 4 1 0 0 0 0
232 2 0 0 0 0 0 2 0 0
233 2 0 0 0 0 0 2 0 0
234 4 0 0 2 0 0 2 0 0
235 4 0 0 2 0 0 2 0 0
238 112 0 0 57 6 0 2 0 0
239 102 0 0 0 0 0 0 0 0
245 21 1 1 3 0 0 0 0 0
247 3 0 0 0 0 0 3 0 0
249 12 0 0 6 0 0 0 0 0
250 6 0 0 3 0 0 0 0 0
259 3 1 1 3 0 0 0 0 0
261 9 0 0 3 0 0 0 0 0
266 4 0 0 0 0 0 0 0 0
270 2 0 0 0 0 0 2 0 0
271 2 0 0 0 0 0 4 0 0
272 4 0 0 2 0 0 2 0 0
274 6 0 0 2 0 0 2 0 0
276 10 1 1 2 0 0 4 0 0
280 3 0 0 0 0 0 0 0 0
281 2 0 0 0 0 0 1 0 0
283 240 1 1 0 0 0 0 0 0
304 9 0 0 0 0 0 3 0 0
434 4 0 0 0 0 0 0 0 0
436 4 0 0 0 0 0 2 0 0
438 6 0 0 0 0 0 0 0 0
439 4 0 0 0 0 0 0 0 0
440 2 0 0 0 0 0 0 0 0
443 2 0 0 0 0 0 2 0 0
444 8 0 0 0 0 0 0 0 0
445 10 0 0 0 0 0 0 0 0
447 2 0 0 0 0 0 0 0 0
448 2 0 0 0 0 0 2 0 0
449 6 0 0 2 0 0 2 0 0
453 15 1 1 11 0 0 0 0 0
455 4 0 0 4 0 0 0 0 0
456 10 0 0 3 0 0 0 0 0
460 6 1 1 2 0 0 0 0 0
461 4 1 1 1 0 0 1 0 0
464 2 0 0 1 0 0 0 0 0
474 3 0 0 0 0 0 0 0 0
475 2 0 0 0 0 0 0 0 0
477 1 0 0 0 0 0 0 0 0
482 8 1 1 5 0 0 1 0 0
483 1 0 0 0 0 0 1 0 0
485 9 0 0 4 0 0 0 0 0
487 4 0 0 0 0 0 0 0 0
491 12 0 0 4 0 0 4 1 1
495 12 0 0 4 0 0 4 0 0
498 3 1 1 1 0 0 0 0 0
549 4 0 0 1 0 0 0 0 0
551 8 0 0 1 0 0 4 0 0
573 6 1 1 0 0 0 3 0 0
586 4 0 0 1 0 0 0 0 0
590 5 1 1 1 0 0 0 0 0
593 2 0 0 1 0 0 1 0 0
594 1 0 0 0 0 0 0 0 0
595 1 0 0 0 0 0 1 0 0
596 4 0 0 1 0 0 1 0 0
604 1 1 1 0 0 0 0 0 0
607 1 0 0 0 0 0 0 0 0
610 8 1 1 12 0 0 0 0 0
fn=openaux
60 12 1 1 0 0 0 9 2 2
63 29 0 0 15 0 0 3 0 0
64 3 0 0 3 0 0 0 0 0
68 9 0 0 9 0 0 0 0 0
fl=/build/glibc-D9JkfM/glibc-2.27/elf/dl-environ.c
fn=_dl_next_ld_env_entry
28 3 0 0 0 0 0 0 0 0
29 3 1 1 3 0 0 0 0 0
32 43 0 0 21 0 0 0 0 0
34 60 1 1 20 0 0 0 0 0
35 18 0 0 6 0 0 0 0 0
37 2 0 0 0 0 0 0 0 0
40 4 0 0 0 0 0 2 0 0
49 3 0 0 0 0 0 0 0 0
fl=/build/glibc-D9JkfM/glibc-2.27/elf/dl-error-skeleton.c
fn=_dl_catch_error
213 7 1 1 0 0 0 5 0 0
215 4 1 1 0 0 0 0 0 0
216 1 0 0 0 0 0 1 0 0
217 2 0 0 2 0 0 1 0 0
218 4 0 0 1 0 0 1 0 0
220 4 0 0 5 0 0 0 0 0
fn=_dl_catch_exception
175 20 1 1 0 0 0 20 2 2
188 8 0 0 0 0 0 8 2 2
190 12 0 0 4 0 0 8 0 0
191 8 0 0 0 0 0 4 0 0
194 20 1 1 0 0 0 0 0 0
196 8 0 0 8 0 0 0 0 0
197 12 1 0 8 0 0 4 0 0
198 8 0 0 0 0 0 12 0 0
207 16 0 0 12 0 0 0 0 0
fn=_dl_receive_error
226 4 1 0 0 0 0 6 0 0
227 3 1 1 1 0 0 0 0 0
228 1 0 0 1 0 0 0 0 0
231 1 0 0 0 0 0 1 0 0
232 1 0 0 0 0 0 1 0 0
234 2 0 0 0 0 0 0 0 0
236 1 0 0 0 0 0 1 0 0
237 1 0 0 0 0 0 1 0 0
238 4 0 0 6 0 0 0 0 0
fl=/build/glibc-D9JkfM/glibc-2.27/elf/dl-fini.c
fn=_dl_fini
30 8 1 1 0 0 0 12 0 0
47 1 1 1 0 0 0 0 0 0
50 10 0 0 1 1 1 0 0 0
53 3 1 1 1 1 1 0 0 0
55 1 0 0 1 1 1 0 0 0
58 1 0 0 0 0 0 0 0 0
60 5 0 0 2 0 0 0 0 0
65 2 0 0 0 0 0 1 0 0
68 6 0 0 0 0 0 0 0 0
73 9 1 1 4 1 1 0 0 0
75 12 0 0 4 2 1 0 0 0
77 8 0 0 0 0 0 0 0 0
79 4 0 0 0 0 0 4 0 0
80 4 0 0 0 0 0 4 3 3
81 4 1 1 0 0 0 0 0 0
85 12 0 0 4 1 1 4 0 0
87 5 0 0 0 0 0 0 0 0
88 5 0 0 0 0 0 0 0 0
94 4 1 1 0 0 0 0 0 0
104 3 0 0 1 0 0 0 0 0
109 19 0 0 5 0 0 1 0 0
111 4 1 1 4 0 0 0 0 0
113 8 0 0 4 0 0 0 0 0
116 8 0 0 0 0 0 4 0 0
119 8 0 0 4 4 4 0 0 0
120 4 0 0 2 2 2 0 0 0
123 6 0 0 2 0 0 0 0 0
125 5 0 0 0 0 0 1 0 0
126 7 0 0 0 0 0 1 0 0
134 6 0 0 4 3 3 0 0 0
135 2 0 0 2 1 1 0 0 0
136 4 0 0 2 0 0 0 0 0
137 14 1 1 2 2 2 0 0 0
138 4 0 0 2 2 2 0 0 0
142 2 0 0 0 0 0 0 0 0
143 8 0 0 4 0 0 0 0 0
149 20 1 1 4 1 1 0 0 0
165 16 0 0 4 0 0 4 0 0
171 5 0 0 1 0 0 0 0 0
177 2 0 0 1 0 0 0 0 0
184 12 2 2 12 0 0 0 0 0
fl=/build/glibc-D9JkfM/glibc-2.27/elf/dl-hwcaps.c
fn=_dl_important_hwcaps
42 10 2 2 0 0 0 15 1 1
43 6 0 0 1 0 0 0 0 0
45 3 0 0 1 0 0 0 0 0
46 2 0 0 0 0 0 0 0 0
55 2 0 0 0 0 0 0 0 0
65 3 1 1 1 0 0 0 0 0
69 2 1 1 0 0 0 0 0 0
129 1 1 1 0 0 0 0 0 0
131 4 1 1 0 0 0 0 0 0
146 5 1 1 0 0 0 0 0 0
147 1 0 0 0 0 0 0 0 0
149 1 0 0 0 0 0 0 0 0
166 1 0 0 0 0 0 0 0 0
183 3 0 0 0 0 0 0 0 0
191 1 1 1 0 0 0 0 0 0
194 4 0 0 1 0 0 2 0 0
198 2 0 0 0 0 0 0 0 0
199 2 0 0 0 0 0 2 0 0
202 2 0 0 0 0 0 0 0 0
205 3 0 0 1 0 0 0 0 0
209 7 1 1 1 0 0 0 0 0
210 2 0 0 0 0 0 0 0 0
228 7 2 2 1 0 0 3 0 0
229 4 0 0 0 0 0 0 0 0
230 3 0 0 1 0 0 0 0 0
259 8 1 1 0 0 0 4 1 1
262 3 0 0 0 0 0 1 0 0
264 6 1 1 2 0 0 2 0 0
265 5 0 0 1 0 0 1 0 0
278 1 0 0 0 0 0 0 0 0
285 1 1 1 0 0 0 0 0 0
290 17 1 1 5 0 0 0 0 0
291 4 0 0 0 0 0 4 0 0
295 8 0 0 0 0 0 0 0 0
298 20 0 0 0 0 0 0 0 0
299 24 1 1 0 0 0 0 0 0
300 20 0 0 8 0 0 4 0 0
302 2 0 0 0 0 0 0 0 0
305 3 0 0 1 0 0 0 0 0
306 1 0 0 0 0 0 0 0 0
307 7 1 1 1 0 0 0 0 0
320 11 1 1 3 0 0 2 0 0
323 4 0 0 0 0 0 0 0 0
326 3 1 1 2 0 0 1 0 0
328 1 0 0 0 0 0 0 0 0
329 9 0 0 12 0 0 0 0 0
fl=/build/glibc-D9JkfM/glibc-2.27/elf/dl-init.c
fn=_dl_init
30 19 1 1 5 0 0 0 0 0
79 10 2 2 0 0 0 9 1 1
80 1 0 0 1 0 0 0 0 0
81 1 0 0 1 1 0 0 0 0
84 4 0 0 1 1 0 0 0 0
87 5 1 1 0 0 0 1 0 0
92 3 1 1 0 0 0 0 0 0
117 1 0 0 1 0 0 0 0 0
118 18 0 0 0 0 0 0 0 0
119 8 0 0 8 1 0 0 0 0
125 6 1 1 9 0 0 0 0 0
fn=call_init.part.0
28 21 0 0 0 0 0 18 1 0
36 12 1 1 4 0 0 4 0 0
39 12 0 0 8 5 0 0 0 0
40 3 0 0 0 0 0 0 0 0
44 9 0 0 3 3 0 0 0 0
45 2 0 0 1 0 0 0 0 0
49 6 1 1 2 0 0 0 0 0
58 16 0 0 6 3 0 0 0 0
62 2 0 0 0 0 0 0 0 0
68 6 1 1 4 0 0 0 0 0
70 8 0 0 4 1 0 2 0 0
71 16 0 0 2 0 0 0 0 0
72 10 0 0 2 1 0 0 0 0
74 12 1 1 18 0 0 0 0 0
fl=/build/glibc-D9JkfM/glibc-2.27/elf/dl-load.c
fn=_dl_dst_count
230 15 1 1 0 0 0 15 3 3
233 10 0 0 0 0 0 0 0 0
236 5 1 1 0 0 0 0 0 0
237 5 0 0 0 0 0 0 0 0
256 20 0 0 15 0 0 0 0 0
fn=_dl_init_paths
678 6 1 1 0 0 0 8 0 0
691 9 1 1 2 0 0 1 0 0
695 1 0 0 0 0 0 1 0 0
696 2 0 0 0 0 0 0 0 0
697 1 0 0 0 0 0 0 0 0
704 5 1 1 0 0 0 0 0 0
705 3 0 0 1 0 0 0 0 0
708 4 0 0 0 0 0 1 0 0
710 1 0 0 0 0 0 0 0 0
716 5 0 0 0 0 0 1 0 0
717 3 0 0 0 0 0 1 0 0
719 1 0 0 0 0 0 0 0 0
725 3 0 0 0 0 0 3 0 0
727 2 0 0 0 0 0 0 0 0
728 4 0 0 0 0 0 8 2 2
730 2 0 0 0 0 0 0 0 0
731 10 0 0 3 1 1 8 2 2
732 13 2 2 0 0 0 0 0 0
735 9 0 0 3 1 1 0 0 0
736 56 1 1 0 0 0 0 0 0
737 16 0 0 0 0 0 16 1 1
739 21 0 0 0 0 0 4 0 0
745 3 0 0 0 0 0 1 0 0
746 1 0 0 0 0 0 1 0 0
750 1 0 0 1 0 0 0 0 0
751 1 0 0 0 0 0 0 0 0
753 4 0 0 1 0 0 0 0 0
755 2 0 0 1 0 0 0 0 0
772 2 0 0 0 0 0 1 0 0
774 2 1 1 1 0 0 0 0 0
788 2 1 1 0 0 0 1 0 0
793 3 1 1 1 0 0 0 0 0
795 10 1 1 0 0 0 0 0 0
799 1 0 0 0 0 0 0 0 0
800 32 1 1 15 0 0 0 0 0
801 70 0 0 0 0 0 0 0 0
804 2 0 0 0 0 0 1 0 0
805 1 1 1 0 0 0 0 0 0
806 1 0 0 0 0 0 0 0 0
812 9 0 0 0 0 0 0 0 0
815 3 0 0 2 0 0 0 0 0
821 2 0 0 0 0 0 1 0 0
825 6 0 0 8 0 0 0 0 0
fn=_dl_map_object
656 9 1 1 3 0 0 0 0 0
2151 28 1 1 0 0 0 40 4 4
2153 2 0 0 0 0 0 0 0 0
2159 8 2 1 0 0 0 0 0 0
2160 32 0 0 4 2 1 4 0 0
2163 50 2 1 11 0 0 0 0 0
2168 45 0 0 9 1 0 0 0 0
2170 36 0 0 0 0 0 0 0 0
2174 14 0 0 7 0 0 0 0 0
2175 14 1 1 7 0 0 0 0 0
2178 2 0 0 2 0 0 0 0 0
2179 4 0 0 4 0 0 0 0 0
2180 8 0 0 0 0 0 0 0 0
2196 14 1 1 2 0 0 4 2 2
2206 4 1 1 2 0 0 0 0 0
2229 3 1 1 0 0 0 1 0 0
2240 2 0 0 0 0 0 2 2 2
2242 9 1 1 1 0 0 0 0 0
2246 5 0 0 0 0 0 2 0 0
2248 2 0 0 1 0 0 0 0 0
2255 3 1 1 1 0 0 0 0 0
2259 3 0 0 1 0 0 1 0 0
2260 2 1 1 0 0 0 1 0 0
2264 2 0 0 1 0 0 0 0 0
2267 6 0 0 0 0 0 3 0 0
2279 2 1 1 1 0 0 0 0 0
2280 7 1 1 3 0 0 0 0 0
2290 6 2 2 1 0 0 1 0 0
2291 15 1 1 2 0 0 1 0 0
2297 3 0 0 0 0 0 0 0 0
2306 1 1 1 0 0 0 1 0 0
2320 1 0 0 0 0 0 0 0 0
2322 3 0 0 1 0 0 0 0 0
2326 3 0 0 0 0 0 0 0 0
2328 1 0 0 0 0 0 0 0 0
2332 1 0 0 0 0 0 0 0 0
2340 3 1 1 1 0 0 0 0 0
2363 9 0 0 0 0 0 1 0 0
2367 3 0 0 1 0 0 0 0 0
2368 2 0 0 0 0 0 1 0 0
2385 2 1 1 1 0 0 0 0 0
2391 1 0 0 0 0 0 1 0 0
2393 4 0 0 0 0 0 0 0 0
2394 2 0 0 0 0 0 0 0 0
2398 8 1 1 0 0 0 0 0 0
2401 2 0 0 0 0 0 0 0 0
2413 7 1 1 2 0 0 0 0 0
2415 2 0 0 0 0 0 0 0 0
2459 6 0 0 2 1 0 2 0 0
2460 26 1 1 4 0 0 4 0 0
2462 36 2 0 44 0 0 0 0 0
fn=_dl_map_object_from_fd
863 32 3 2 2 0 0 34 2 2
873 8 1 1 0 0 0 0 0 0
874 2 0 0 0 0 0 2 0 0
889 26 2 1 7 0 0 0 0 0
890 10 0 0 5 0 0 0 0 0
907 2 1 1 0 0 0 0 0 0
931 6 1 1 0 0 0 2 0 0
941 6 0 0 2 0 0 0 0 0
963 4 0 0 2 0 0 0 0 0
995 4 0 0 0 0 0 0 0 0
998 14 0 0 6 0 0 0 0 0
999 2 2 1 0 0 0 0 0 0
1010 6 0 0 2 0 0 2 1 1
1011 4 0 0 2 0 0 2 0 0
1012 4 0 0 2 0 0 2 0 0
1014 4 0 0 0 0 0 0 0 0
1015 10 0 0 4 0 0 0 0 0
1016 2 0 0 0 0 0 0 0 0
1023 4 2 2 2 0 0 0 0 0
1031 6 0 0 0 0 0 2 0 0
1033 4 0 0 0 0 0 2 1 1
1035 14 2 1 2 0 0 0 0 0
1036 2 0 0 0 0 0 0 0 0
1037 2 0 0 0 0 0 0 0 0
1043 96 2 1 6 0 0 0 0 0
1044 123 3 2 16 2 2 0 0 0
1050 4 0 0 2 0 0 0 0 0
1055 4 0 0 2 0 0 2 0 0
1056 6 0 0 2 0 0 2 0 0
1061 2 0 0 1 0 0 1 0 0
1062 1 0 0 0 0 0 0 0 0
1067 24 2 2 8 0 0 0 0 0
1072 24 0 0 8 0 0 0 0 0
1080 8 0 0 0 0 0 0 0 0
1081 16 1 1 0 0 0 4 2 2
1082 20 0 0 4 0 0 0 0 0
1083 4 0 0 0 0 0 8 0 0
1084 12 0 0 4 0 0 4 0 0
1085 12 0 0 0 0 0 4 2 2
1089 10 0 0 2 0 0 0 0 0
1090 4 0 0 0 0 0 0 0 0
1094 12 1 1 0 0 0 4 0 0
1095 32 0 0 4 0 0 8 0 0
1105 4 0 0 0 0 0 0 0 0
1108 2 0 0 1 1 1 0 0 0
1112 1 0 0 0 0 0 1 1 1
1113 2 0 0 1 0 0 1 0 0
1115 6 1 1 1 0 0 1 0 0
1118 2 0 0 1 0 0 1 0 0
1121 1 0 0 0 0 0 1 0 0
1125 4 0 0 1 0 0 0 0 0
1128 4 2 1 0 0 0 0 0 0
1131 2 0 0 0 0 0 1 0 0
1132 8 0 0 1 0 0 0 0 0
1147 4 1 1 2 0 0 2 0 0
1148 2 0 0 0 0 0 0 0 0
1151 4 0 0 2 0 0 2 1 1
1152 4 0 0 2 0 0 2 0 0
1153 2 0 0 0 0 0 0 0 0
1156 2 0 0 0 0 0 0 0 0
1165 6 0 0 2 0 0 0 0 0
1175 16 1 1 4 0 0 4 0 0
1187 4 0 0 2 0 0 0 0 0
1196 6 0 0 2 0 0 2 0 0
1203 6 0 0 0 0 0 0 0 0
1218 4 0 0 2 0 0 0 0 0
1237 6 0 0 2 0 0 2 0 0
1239 12 2 1 4 0 0 0 0 0
1293 4 0 0 2 1 1 0 0 0
1294 3 0 0 1 0 0 1 0 0
1297 6 0 0 0 0 0 0 0 0
1306 8 1 1 3 0 0 0 0 0
1308 8 2 1 4 0 0 2 0 0
1310 4 0 0 2 0 0 0 0 0
1326 4 0 0 0 0 0 0 0 0
1330 2 0 0 0 0 0 0 0 0
1331 4 0 0 2 0 0 0 0 0
1348 4 0 0 2 0 0 0 0 0
1349 3 0 0 0 0 0 1 0 0
1352 6 2 1 2 0 0 4 0 0
1357 4 0 0 2 0 0 0 0 0
1367 6 0 0 2 0 0 0 0 0
1377 6 0 0 0 0 0 0 0 0
1381 6 0 0 2 0 0 0 0 0
1401 18 0 0 24 0 0 0 0 0
fn=expand_dynamic_string_token
375 12 1 1 0 0 0 8 0 0
385 4 0 0 0 0 0 0 0 0
388 2 0 0 0 0 0 0 0 0
389 4 0 0 0 0 0 0 0 0
400 6 0 0 8 0 0 0 0 0
fn=fillin_rpath
444 13 2 2 0 0 0 14 0 0
446 1 0 0 0 0 0 0 0 0
448 10 1 1 0 0 0 0 0 0
451 1 1 1 0 0 0 0 0 0
455 2 0 0 1 0 0 0 0 0
457 4 0 0 1 0 0 0 0 0
461 1 0 0 0 0 0 0 0 0
466 1 0 0 0 0 0 0 0 0
467 1 0 0 0 0 0 0 0 0
474 8 2 2 1 0 0 0 0 0
479 5 0 0 0 0 0 1 0 0
483 16 1 1 6 0 0 2 0 0
484 12 0 0 4 0 0 0 0 0
502 3 1 1 0 0 0 1 0 0
505 3 0 0 0 0 0 0 0 0
506 10 1 1 2 0 0 4 0 0
508 2 1 1 2 0 0 0 0 0
512 1 0 0 0 0 0 1 0 0
513 1 0 0 0 0 0 0 0 0
514 5 0 0 0 0 0 2 0 0
515 1 0 0 0 0 0 1 0 0
517 5 0 0 2 0 0 0 0 0
523 4 1 1 1 0 0 0 0 0
524 15 0 0 0 0 0 0 0 0
525 4 0 0 0 0 0 4 0 0
527 2 0 0 1 0 0 1 0 0
528 1 0 0 0 0 0 0 0 0
533 2 0 0 0 0 0 1 0 0
535 1 0 0 0 0 0 1 0 0
536 3 0 0 1 0 0 1 0 0
539 2 1 1 0 0 0 1 0 0
541 2 0 0 0 0 0 0 0 0
545 1 0 0 0 0 0 1 0 0
548 8 0 0 12 0 0 0 0 0
fn=open_path
1427 3 0 0 0 0 0 2 0 0
2003 7 1 1 0 0 0 12 2 2
2004 2 1 1 1 0 0 1 1 1
2007 1 0 0 0 0 0 1 0 0
2010 2 0 0 0 0 0 2 0 0
2013 2 0 0 0 0 0 0 0 0
2015 19 2 2 4 0 0 4 1 1
2022 1 0 0 0 0 0 0 0 0
2027 3 0 0 1 0 0 0 0 0
2034 4 0 0 2 0 0 1 0 0
2035 15 0 0 0 0 0 0 0 0
2038 12 0 0 4 0 0 0 0 0
2042 36 1 1 24 0 0 0 0 0
2045 8 0 0 0 0 0 4 0 0
2048 12 0 0 4 0 0 0 0 0
2051 36 0 0 12 0 0 0 0 0
2053 8 1 1 4 0 0 0 0 0
2055 8 0 0 0 0 0 0 0 0
2060 4 1 1 0 0 0 0 0 0
2061 36 1 1 12 0 0 0 0 0
2067 20 1 1 8 0 0 4 0 0
2069 20 0 0 4 0 0 0 0 0
2070 4 0 0 1 1 1 0 0 0
2072 12 1 1 0 0 0 3 0 0
2074 5 1 1 0 0 0 1 0 0
2082 8 0 0 0 0 0 1 0 0
2089 2 0 0 0 0 0 1 0 0
2099 25 1 1 5 0 0 0 0 0
2120 6 1 1 1 0 0 0 0 0
2125 3 0 0 1 0 0 1 0 0
2127 4 0 0 2 0 0 1 0 0
2130 1 0 0 0 0 0 0 0 0
2144 9 1 1 12 0 0 0 0 0
fn=open_verify.constprop.7
1653 72 2 2 0 0 0 72 2 2
1692 36 0 0 6 0 0 0 0 0
1705 4 0 0 0 0 0 0 0 0
1723 24 0 0 0 0 0 0 0 0
1725 12 2 1 0 0 0 0 0 0
1730 2 0 0 0 0 0 0 0 0
1736 4 0 0 0 0 0 2 0 0
1737 6 0 0 0 0 0 2 0 0
1742 10 0 0 0 0 0 0 0 0
1744 4 0 0 0 0 0 0 0 0
1746 6 1 1 2 0 0 2 0 0
1748 4 0 0 0 0 0 0 0 0
1754 4 0 0 0 0 0 0 0 0
1770 49 4 3 19 0 0 0 0 0
1844 6 2 1 2 0 0 0 0 0
1849 6 0 0 2 0 0 0 0 0
1851 10 0 0 2 0 0 0 0 0
1857 4 0 0 0 0 0 0 0 0
1868 6 2 1 2 2 2 0 0 0
1874 4 0 0 2 0 0 0 0 0
1875 8 0 0 2 0 0 0 0 0
1876 2 0 0 0 0 0 0 0 0
1896 67 2 1 11 0 0 0 0 0
1898 48 0 0 16 9 9 0 0 0
1911 6 1 1 0 0 0 0 0 0
1914 10 0 0 4 0 0 0 0 0
1915 2 0 0 0 0 0 0 0 0
1920 2 0 0 0 0 0 0 0 0
1932 2 2 1 0 0 0 0 0 0
1939 21 2 2 7 4 4 0 0 0
1941 2 0 0 0 0 0 0 0 0
1942 14 0 0 4 0 0 0 0 0
1945 6 0 0 0 0 0 0 0 0
1950 1 0 0 0 0 0 0 0 0
1951 1 0 0 0 0 0 0 0 0
1954 1 0 0 0 0 0 0 0 0
1957 2 1 1 1 0 0 0 0 0
1958 2 0 0 1 0 0 0 0 0
1959 1 0 0 1 0 0 0 0 0
1960 2 0 0 1 0 0 0 0 0
1961 5 0 0 1 0 0 0 0 0
1985 6 0 0 0 0 0 0 0 0
1989 54 2 2 72 0 0 0 0 0
fl=/build/glibc-D9JkfM/glibc-2.27/elf/dl-lookup.c
fn=_dl_lookup_symbol_x
554 204 0 0 0 0 0 0 0 0
555 3306 0 0 1551 95 86 0 0 0
556 2898 0 0 0 0 0 0 0 0
790 1530 3 3 0 0 0 1122 14 6
792 204 0 0 0 0 0 102 0 0
793 102 0 0 0 0 0 204 1 1
796 510 2 2 102 3 1 102 0 0
800 681 0 0 204 6 2 102 4 1
804 834 2 2 120 0 0 306 0 0
805 204 0 0 102 0 0 0 0 0
811 138 0 0 18 0 0 0 0 0
813 1122 1 1 102 0 0 408 1 1
816 297 0 0 93 0 0 0 0 0
819 27 0 0 0 0 0 0 0 0
841 204 0 0 102 0 0 0 0 0
843 45 0 0 9 0 0 0 0 0
860 9 0 0 0 0 0 9 0 0
861 18 1 1 0 0 0 0 0 0
865 558 2 2 186 0 0 0 0 0
896 93 0 0 0 0 0 0 0 0
905 465 0 0 93 0 0 0 0 0
919 186 0 0 93 4 1 0 0 0
920 3 1 1 0 0 0 1 0 0
922 465 0 0 186 0 0 0 0 0
927 93 0 0 0 0 0 93 0 0
928 186 2 2 186 0 0 0 0 0
929 918 0 0 1020 0 0 0 0 0
fn=_dl_setup_hash
939 8 1 1 4 0 0 0 0 0
943 4 0 0 4 0 0 0 0 0
947 8 0 0 4 4 4 4 0 0
949 4 0 0 8 2 2 0 0 0
951 12 0 0 0 0 0 0 0 0
952 4 0 0 0 0 0 4 0 0
953 12 0 0 4 0 0 4 0 0
955 4 0 0 0 0 0 4 0 0
956 8 1 1 0 0 0 0 0 0
958 4 0 0 0 0 0 4 0 0
959 4 0 0 0 0 0 0 0 0
960 12 0 0 0 0 0 4 0 0
961 4 0 0 0 0 0 0 0 0
fn=check_match
75 558 3 2 186 23 14 279 6 2
78 837 2 2 186 13 11 0 0 0
90 1023 0 0 0 0 0 372 0 0
93 306 1 0 30 0 0 0 0 0
97 93 2 2 93 3 0 0 0 0
98 93 0 0 0 0 0 0 0 0
100 91 0 0 0 0 0 0 0 0
119 91 0 0 91 19 8 0 0 0
120 819 1 1 273 2 0 0 0 0
121 455 2 2 182 0 0 0 0 0
148 2 1 1 0 0 0 0 0 0
150 8 0 0 2 1 1 0 0 0
151 285 2 2 372 0 0 0 0 0
166 279 0 0 279 0 0 0 0 0
fn=do_lookup_x
180 1077 4 3 396 0 0 0 0 0
294 234 0 0 0 0 0 0 0 0
338 1428 2 2 204 0 0 1632 12 6
339 102 0 0 102 3 1 0 0 0
344 102 2 2 0 0 0 0 0 0
345 102 0 0 102 0 0 0 0 0
349 654 0 0 654 16 3 0 0 0
352 654 0 0 0 0 0 0 0 0
356 654 0 0 0 0 0 0 0 0
360 654 0 0 327 10 3 0 0 0
364 981 2 2 327 2 0 0 0 0
370 654 0 0 327 5 1 0 0 0
374 327 0 0 0 0 0 327 0 0
375 327 0 0 0 0 0 327 0 0
378 654 0 0 981 23 4 0 0 0
379 327 0 0 327 4 0 0 0 0
382 327 0 0 327 0 0 0 0 0
383 327 0 0 0 0 0 0 0 0
385 327 0 0 327 69 34 0 0 0
386 204 0 0 0 0 0 102 0 0
387 981 0 0 654 0 0 0 0 0
389 327 0 0 0 0 0 0 0 0
390 981 2 2 327 0 0 0 0 0
393 1308 0 0 0 0 0 0 0 0
396 198 0 0 198 64 49 0 0 0
397 297 2 2 0 0 0 0 0 0
398 99 0 0 0 0 0 0 0 0
400 1188 2 2 99 0 0 396 0 0
403 1105 0 0 221 77 67 0 0 0
405 372 2 2 93 0 0 0 0 0
406 1116 1 1 465 0 0 279 3 1
407 186 0 0 0 0 0 0 0 0
410 93 0 0 0 0 0 0 0 0
413 256 0 0 0 0 0 0 0 0
444 18 1 1 6 0 0 0 0 0
452 186 1 1 93 0 0 0 0 0
468 918 1 1 0 0 0 204 0 0
503 186 0 0 0 0 0 0 0 0
506 696 2 1 93 0 0 0 0 0
510 36 0 0 12 1 0 0 0 0
522 93 0 0 93 0 0 0 0 0
523 93 0 0 0 0 0 186 0 0
524 93 0 0 0 0 0 0 0 0
540 1090 0 0 194 1 0 0 0 0
541 141 0 0 0 0 0 0 0 0
544 702 2 2 0 0 0 0 0 0
547 9 0 0 0 0 0 0 0 0
548 816 1 1 1224 0 0 0 0 0
fl=/build/glibc-D9JkfM/glibc-2.27/elf/dl-minimal.c
fn=calloc
96 8 0 0 0 0 0 0 0 0
99 8 0 0 0 0 0 0 0 0
100 32 2 1 0 0 0 0 0 0
103 16 0 0 0 0 0 0 0 0
fn=free
109 9 1 1 0 0 0 12 0 0
111 15 0 0 3 0 0 0 0 0
118 9 3 1 12 0 0 0 0 0
fn=malloc
49 66 1 1 0 0 0 88 1 1
50 108 1 1 43 0 0 0 0 0
55 4 0 0 0 0 0 1 0 0
56 4 1 1 1 0 0 0 0 0
57 2 0 0 0 0 0 0 0 0
61 66 0 0 0 0 0 22 0 0
62 22 0 0 0 0 0 0 0 0
64 129 0 0 0 0 0 0 0 0
69 5 1 1 1 0 0 0 0 0
70 4 0 0 0 0 0 1 0 0
72 2 0 0 0 0 0 0 0 0
73 7 0 0 0 0 0 0 0 0
75 2 0 0 0 0 0 0 0 0
77 5 0 0 1 0 0 0 0 0
79 4 0 0 1 0 0 1 0 0
82 44 1 1 0 0 0 44 0 0
85 88 0 0 88 0 0 0 0 0
fn=strsep
265 6 1 1 2 1 1 0 0 0
267 2 0 0 2 0 0 0 0 0
268 2 0 0 0 0 0 0 0 0
272 74 1 1 15 0 0 0 0 0
277 56 0 0 0 0 0 0 0 0
279 56 0 0 28 0 0 0 0 0
290 2 1 1 0 0 0 1 0 0
294 2 0 0 0 0 0 0 0 0
fl=/build/glibc-D9JkfM/glibc-2.27/elf/dl-misc.c
fn=_dl_name_match_p
282 335 1 1 0 0 0 268 4 3
283 201 0 0 67 5 0 0 0 0
284 5 0 0 0 0 0 0 0 0
286 67 0 0 67 0 0 0 0 0
288 135 0 0 0 0 0 0 0 0
289 292 2 1 73 8 0 0 0 0
292 68 0 0 68 0 0 0 0 0
294 62 0 0 0 0 0 0 0 0
295 201 0 0 268 0 0 0 0 0
fn=_dl_sysdep_read_whole_file
44 5 1 1 0 0 0 4 0 0
47 2 0 0 0 0 0 0 0 0
48 2 0 0 0 0 0 1 0 0
50 6 1 1 0 0 0 0 0 0
52 2 0 0 1 0 0 1 0 0
55 1 0 0 0 0 0 0 0 0
57 8 1 1 0 0 0 0 0 0
68 2 0 0 0 0 0 0 0 0
71 5 0 0 5 0 0 0 0 0
fl=/build/glibc-D9JkfM/glibc-2.27/elf/dl-object.c
fn=_dl_add_to_namespace_list
31 21 1 1 0 0 0 21 0 0
33 18 0 0 3 0 0 0 0 0
35 25 3 1 3 0 0 0 0 0
38 10 0 0 5 0 0 0 0 0
40 2 0 0 0 0 0 2 0 0
42 2 0 0 0 0 0 2 0 0
45 2 1 1 0 0 0 1 0 0
46 24 0 0 3 0 0 3 0 0
47 6 2 0 3 0 0 3 0 0
48 6 0 0 0 0 0 3 0 0
50 9 0 0 3 0 0 0 0 0
51 12 0 0 21 0 0 0 0 0
fn=_dl_new_object
59 36 2 1 0 0 0 39 5 5
60 15 0 0 0 0 0 3 0 0
66 21 3 1 3 0 0 0 0 0
68 3 0 0 0 0 0 0 0 0
73 15 0 0 0 0 0 0 0 0
76 3 0 0 0 0 0 0 0 0
79 3 0 0 0 0 0 3 3 3
80 9 2 1 0 0 0 3 3 3
83 3 0 0 0 0 0 3 0 0
84 3 0 0 0 0 0 0 0 0
85 18 0 0 3 0 0 3 1 1
87 6 0 0 0 0 0 3 0 0
95 15 2 1 3 0 0 3 1 1
96 12 0 0 6 3 3 3 0 0
99 6 0 0 3 0 0 0 0 0
100 8 1 1 2 0 0 3 3 3
101 3 0 0 0 0 0 3 1 1
105 3 0 0 0 0 0 3 0 0
108 40 0 0 0 0 0 0 0 0
110 16 1 1 0 0 0 16 4 4
120 6 0 0 0 0 0 3 1 1
121 6 0 0 0 0 0 3 3 3
124 1 1 1 0 0 0 0 0 0
126 21 2 0 3 0 0 0 0 0
128 6 2 0 0 0 0 2 1 1
131 6 0 0 0 0 0 0 0 0
135 4 0 0 2 0 0 0 0 0
139 8 0 0 0 0 0 0 0 0
147 1 1 1 0 0 0 1 0 0
150 6 0 0 0 0 0 3 0 0
153 6 0 0 0 0 0 3 0 0
155 8 0 0 0 0 0 0 0 0
159 8 2 1 2 0 0 0 0 0
163 6 0 0 0 0 0 0 0 0
164 2 1 1 0 0 0 0 0 0
172 2 0 0 0 0 0 0 0 0
176 2 0 0 0 0 0 0 0 0
189 4 0 0 0 0 0 0 0 0
209 48 2 1 0 0 0 0 0 0
214 42 0 0 0 0 0 0 0 0
215 128 0 0 42 0 0 0 0 0
220 4 0 0 0 0 0 2 0 0
223 4 0 0 0 0 0 2 0 0
227 24 3 1 36 0 0 0 0 0
fl=/build/glibc-D9JkfM/glibc-2.27/elf/dl-open.c
fn=_dl_find_dso_for_object
176 4 2 2 0 0 0 4 0 0
180 9 0 0 1 0 0 3 0 0
181 7 0 0 3 0 0 0 0 0
182 18 1 1 6 0 0 0 0 0
183 2 0 0 1 0 0 0 0 0
186 3 1 1 1 0 0 0 0 0
190 7 1 1 7 0 0 0 0 0
fl=/build/glibc-D9JkfM/glibc-2.27/elf/dl-reloc.c
fn=_dl_protect_relro
312 16 0 0 0 0 0 12 1 0
313 28 2 2 12 0 0 0 0 0
316 12 0 0 4 0 0 0 0 0
320 8 0 0 0 0 0 0 0 0
321 20 0 0 0 0 0 0 0 0
327 12 0 0 12 0 0 0 0 0
fn=_dl_relocate_object
148 44 2 2 0 0 0 56 0 0
155 4 0 0 0 0 0 4 0 0
158 4 0 0 0 0 0 0 0 0
159 16 0 0 0 0 0 8 0 0
163 4 0 0 0 0 0 0 0 0
164 24 0 0 4 3 0 4 0 0
170 8 0 0 4 0 0 0 0 0
176 8 1 1 4 0 0 0 0 0
177 4 0 0 4 3 0 0 0 0
178 8 0 0 0 0 0 0 0 0
180 12 0 0 4 0 0 0 0 0
187 8 0 0 4 0 0 0 0 0
231 12 0 0 8 0 0 4 0 0
258 156 1 1 50 12 0 52 0 0
261 8 0 0 4 0 0 0 0 0
285 12 0 0 4 0 0 4 0 0
288 8 0 0 4 0 0 0 0 0
305 8 0 0 4 3 0 0 0 0
306 8 1 1 0 0 0 0 0 0
307 32 0 0 48 1 0 0 0 0
fl=/build/glibc-D9JkfM/glibc-2.27/elf/dl-runtime.c
fn=_dl_fixup
66 16 3 3 0 0 0 16 4 2
68 4 0 0 8 3 1 0 0 0
69 4 0 0 4 2 1 0 0 0
72 12 0 0 8 7 3 0 0 0
73 28 0 0 8 2 1 8 0 0
75 8 0 0 8 5 3 0 0 0
80 8 0 0 0 0 0 0 0 0
84 12 0 0 4 4 2 0 0 0
88 8 0 0 4 4 2 0 0 0
92 6 0 0 6 5 2 0 0 0
93 12 0 0 3 2 1 0 0 0
94 3 0 0 3 2 1 0 0 0
95 14 1 1 0 0 0 4 0 0
101 4 0 0 0 0 0 0 0 0
102 16 1 1 4 3 1 0 0 0
112 36 0 0 8 4 2 0 0 0
116 8 0 0 4 0 0 0 0 0
126 32 1 1 16 0 0 0 0 0
142 20 0 0 4 0 0 0 0 0
146 12 0 0 4 2 1 0 0 0
150 24 1 1 20 0 0 0 0 0
fl=/build/glibc-D9JkfM/glibc-2.27/elf/dl-sort-maps.c
fn=_dl_sort_maps
28 24 0 0 0 0 0 26 1 1
30 4 2 2 0 0 0 0 0 0
33 12 0 0 0 0 0 6 0 0
34 18 2 2 0 0 0 2 0 0
35 14 2 2 0 0 0 0 0 0
39 30 0 0 6 0 0 12 0 0
40 24 0 0 6 0 0 6 0 0
42 6 0 0 0 0 0 0 0 0
46 18 1 1 6 0 0 0 0 0
54 40 3 3 14 0 0 0 0 0
56 12 0 0 12 0 0 0 0 0
57 8 0 0 0 0 0 0 0 0
59 12 0 0 6 2 2 0 0 0
60 16 0 0 0 0 0 0 0 0
90 24 3 3 3 0 0 0 0 0
115 30 1 1 8 0 0 0 0 0
118 36 0 0 4 0 0 0 0 0
122 16 1 1 24 0 0 0 0 0
fl=/build/glibc-D9JkfM/glibc-2.27/elf/dl-tls.c
fn=_dl_add_to_slotinfo
887 6 1 1 0 0 0 7 0 0
893 1 0 0 1 0 0 0 0 0
896 4 1 1 1 1 0 0 0 0
901 7 0 0 2 1 0 0 0 0
942 1 1 1 0 0 0 2 1 0
944 5 0 0 7 0 0 0 0 0
fn=_dl_allocate_tls_init
437 3 1 1 0 0 0 3 0 0
438 2 0 0 0 0 0 2 0 0
442 2 0 0 1 1 0 2 0 0
444 1 0 0 0 0 0 0 0 0
445 1 0 0 0 0 0 0 0 0
448 9 1 1 2 1 0 6 0 0
460 2 0 0 1 0 0 0 0 0
465 8 1 1 1 0 0 0 0 0
471 9 0 0 0 0 0 0 0 0
474 1 0 0 1 1 0 0 0 0
475 1 1 1 0 0 0 0 0 0
481 5 0 0 2 0 0 0 0 0
482 2 0 0 0 0 0 0 0 0
484 5 0 0 1 0 0 1 1 1
485 1 0 0 0 0 0 1 0 0
487 2 0 0 0 0 0 0 0 0
488 2 0 0 1 1 0 0 0 0
491 2 1 1 0 0 0 0 0 0
492 4 0 0 2 0 0 0 0 0
497 2 0 0 1 0 0 0 0 0
504 1 0 0 0 0 0 1 0 0
507 12 1 1 5 0 0 0 0 0
521 6 1 1 10 0 0 1 0 0
524 3 0 0 3 0 0 0 0 0
fn=_dl_allocate_tls_storage
332 3 1 1 0 0 0 4 0 0
345 3 0 0 1 0 0 0 0 0
346 4 1 1 1 0 0 0 0 0
347 1 0 0 0 0 0 0 0 0
367 4 0 0 0 0 0 0 0 0
374 6 0 0 0 0 0 1 0 0
379 2 0 0 0 0 0 1 0 0
381 3 1 1 0 0 0 0 0 0
382 1 0 0 0 0 0 0 0 0
385 5 0 0 5 0 0 0 0 0
fn=_dl_count_modids
113 4 2 2 1 0 0 0 0 0
114 1 0 0 1 0 0 0 0 0
129 1 0 0 0 0 0 0 0 0
fn=_dl_determine_tlsoffset
135 2 0 0 0 0 0 2 0 0
136 1 0 0 0 0 0 0 0 0
137 2 0 0 0 0 0 0 0 0
138 1 0 0 0 0 0 0 0 0
141 4 1 1 1 0 0 0 0 0
144 2 0 0 1 0 0 0 0 0
225 2 0 0 0 0 0 0 0 0
227 8 1 1 2 0 0 0 0 0
229 2 1 1 1 0 0 0 0 0
231 3 0 0 1 0 0 0 0 0
232 2 1 1 1 0 0 0 0 0
234 3 0 0 0 0 0 0 0 0
236 4 1 1 1 0 0 0 0 0
250 4 0 0 0 0 0 0 0 0
251 1 0 0 0 0 0 0 0 0
252 3 0 0 0 0 0 0 0 0
254 2 0 0 0 0 0 1 0 0
255 3 0 0 0 0 0 0 0 0
261 3 0 0 0 0 0 0 0 0
264 2 0 0 0 0 0 1 0 0
265 1 1 1 0 0 0 1 0 0
272 1 0 0 0 0 0 1 0 0
273 2 0 0 2 0 0 0 0 0
fn=_dl_next_tls_modid
48 2 1 1 0 0 0 0 0 0
51 3 1 1 2 0 0 0 0 0
99 3 0 0 0 0 0 1 0 0
103 1 0 0 0 0 0 0 0 0
fn=allocate_dtv
278 4 1 1 0 0 0 4 0 0
285 3 0 0 1 0 0 0 0 0
286 3 0 0 0 0 0 0 0 0
287 1 1 1 0 0 0 0 0 0
290 3 0 0 0 0 0 1 1 1
296 1 0 0 0 0 0 1 0 0
302 3 0 0 4 0 0 0 0 0
fl=/build/glibc-D9JkfM/glibc-2.27/elf/dl-tunables.c
fn=__GI___tunables_init
68 63 0 0 21 0 0 0 0 0
71 20 0 0 0 0 0 0 0 0
74 1198 1 1 203 9 9 0 0 0
78 20 0 0 0 0 0 0 0 0
83 40 0 0 0 0 0 0 0 0
216 1 1 1 0 0 0 0 0 0
280 3 0 0 1 0 0 0 0 0
281 1 0 0 0 0 0 0 0 0
289 7 2 2 0 0 0 10 1 1
297 20 0 0 0 0 0 0 0 0
312 1540 1 1 0 0 0 0 0 0
318 1520 0 0 760 0 0 0 0 0
330 60 1 1 20 0 0 0 0 0
364 6 1 1 10 0 0 0 0 0
fn=__tunable_get_val
373 139 6 2 14 10 0 0 0 0
377 25 0 0 14 3 0 11 0 0
382 3 0 0 0 0 0 3 0 0
383 3 0 0 0 0 0 0 0 0
399 140 3 1 14 0 0 0 0 0
401 14 0 0 0 0 0 0 0 0
fl=/build/glibc-D9JkfM/glibc-2.27/elf/dl-tunables.h
fn=__GI___tunables_init
120 682 0 0 426 10 10 0 0 0
121 706 0 0 0 0 0 0 0 0
fl=/build/glibc-D9JkfM/glibc-2.27/elf/dl-version.c
fn=_dl_check_all_versions
362 3 1 1 0 0 0 3 0 0
364 6 0 0 0 0 0 2 0 0
366 10 0 0 4 0 0 1 0 0
367 4 0 0 4 0 0 0 0 0
368 32 1 1 0 0 0 0 0 0
371 6 0 0 6 0 0 0 0 0
fn=_dl_check_map_versions
37 32 0 0 6 0 0 0 0 0
38 8 0 0 8 0 0 0 0 0
39 44 0 0 0 0 0 0 0 0
57 8 0 0 8 0 0 0 0 0
65 12 0 0 4 0 0 0 0 0
66 9 0 0 0 0 0 3 0 0
71 8 0 0 4 1 0 0 0 0
87 4 0 0 4 1 0 0 0 0
88 4 1 1 0 0 0 0 0 0
90 8 0 0 4 0 0 0 0 0
95 27 0 0 9 2 2 0 0 0
109 27 0 0 9 2 2 0 0 0
111 4 1 1 4 0 0 0 0 0
114 20 1 1 4 0 0 0 0 0
121 10 0 0 5 0 0 0 0 0
125 5 0 0 0 0 0 0 0 0
143 10 0 0 0 0 0 14 0 0
156 8 1 1 0 0 0 8 0 0
157 4 0 0 0 0 0 4 0 0
165 4 0 0 0 0 0 0 0 0
171 20 1 1 4 0 0 12 0 0
173 8 0 0 4 1 0 4 0 0
175 8 0 0 4 2 0 4 0 0
176 12 0 0 4 1 0 8 0 0
178 4 0 0 0 0 0 0 0 0
181 8 0 0 4 0 0 2 0 0
185 6 1 1 2 2 2 0 0 0
199 1 1 1 0 0 0 0 0 0
201 12 1 1 9 0 0 0 0 0
209 6 1 1 3 0 0 0 0 0
214 12 0 0 6 1 1 0 0 0
218 50 1 1 26 1 0 6 0 0
220 4 0 0 4 1 1 0 0 0
222 9 0 0 4 0 0 4 0 0
225 16 0 0 4 0 0 0 0 0
228 11 0 0 4 0 0 0 0 0
233 1 0 0 0 0 0 0 0 0
237 9 0 0 6 0 0 0 0 0
242 2 0 0 0 0 0 1 0 0
251 17 3 3 20 0 0 0 0 0
254 10 0 0 6 0 0 0 0 0
257 52 0 0 13 3 3 0 0 0
260 26 0 0 13 0 0 0 0 0
264 11 0 0 0 0 0 0 0 0
268 3 1 1 0 0 0 0 0 0
273 3 0 0 0 0 0 3 0 0
274 12 0 0 0 0 0 0 0 0
275 3 0 0 0 0 0 0 0 0
285 3 0 0 0 0 0 3 0 0
288 9 1 1 6 2 0 3 1 0
290 6 0 0 3 0 0 0 0 0
293 10 0 0 6 0 0 0 0 0
295 1 0 0 0 0 0 0 0 0
297 9 0 0 3 0 0 0 0 0
300 8 1 1 4 0 0 0 0 0
302 8 0 0 0 0 0 0 0 0
304 14 0 0 4 0 0 0 0 0
305 8 0 0 0 0 0 8 2 2
306 12 0 0 4 0 0 4 1 1
307 12 0 0 4 0 0 4 1 1
310 8 1 1 4 0 0 0 0 0
315 1 0 0 0 0 0 0 0 0
318 6 0 0 3 0 0 0 0 0
323 1 0 0 0 0 0 0 0 0
328 6 0 0 3 0 0 0 0 0
331 10 0 0 6 0 0 0 0 0
335 11 0 0 22 0 0 0 0 0
337 26 0 0 13 0 0 0 0 0
341 11 0 0 11 0 0 0 0 0
342 46 0 0 0 0 0 11 3 3
343 33 0 0 11 0 0 11 0 0
344 11 0 0 0 0 0 11 1 1
347 28 1 1 13 0 0 0 0 0
351 11 0 0 0 0 0 0 0 0
357 16 0 0 20 0 0 0 0 0
fl=/build/glibc-D9JkfM/glibc-2.27/elf/do-rel.h
fn=_dl_relocate_object
46 8 0 0 0 0 0 0 0 0
47 8 0 0 0 0 0 0 0 0
48 24 0 0 20 2 0 0 0 0
58 8 0 0 0 0 0 0 0 0
61 43 1 1 0 0 0 0 0 0
83 6 0 0 6 0 0 0 0 0
84 6 0 0 6 0 0 0 0 0
86 18 0 0 6 0 0 0 0 0
98 24 1 1 0 0 0 0 0 0
108 4 0 0 0 0 0 0 0 0
111 3820 1 1 0 0 0 0 0 0
118 12 0 0 6 4 0 0 0 0
121 5 0 0 5 1 0 0 0 0
124 371 2 2 8 0 0 8 0 0
136 330 0 0 330 76 64 0 0 0
137 440 0 0 0 0 0 110 1 0
138 389 0 0 110 1 0 0 0 0
139 110 0 0 0 0 0 0 0 0
160 18 1 1 0 0 0 0 0 0
170 30 0 0 10 1 1 5 0 0
171 5 0 0 0 0 0 0 0 0
fn=_dl_start
83 1 0 0 1 0 0 0 0 0
84 1 0 0 1 0 0 0 0 0
111 141 0 0 0 0 0 0 0 0
116 2 0 0 1 0 0 0 0 0
124 46 1 1 8 0 0 4 0 0
136 24 1 1 24 3 3 0 0 0
137 24 0 0 0 0 0 0 0 0
139 12 0 0 0 0 0 0 0 0
fl=/build/glibc-D9JkfM/glibc-2.27/elf/get-dynamic-info.h
fn=_dl_map_object_from_fd
42 2 0 0 0 0 0 0 0 0
46 2 0 0 0 0 0 0 0 0
48 92 0 0 46 13 13 0 0 0
50 88 0 0 0 0 0 0 0 0
63 32 0 0 0 0 0 0 0 0
64 54 0 0 0 0 0 42 12 12
65 8 2 1 0 0 0 0 0 0
67 2 0 0 0 0 0 0 0 0
68 10 1 1 0 0 0 0 0 0
71 10 1 1 0 0 0 0 0 0
73 12 0 0 0 0 0 2 1 1
81 2 0 0 0 0 0 0 0 0
101 7 0 0 3 0 0 1 0 0
102 10 1 1 4 0 0 2 0 0
103 10 0 0 4 0 0 2 0 0
104 10 1 1 4 0 0 2 0 0
106 10 0 0 4 0 0 2 0 0
111 10 0 0 4 0 0 2 0 0
112 7 1 0 3 1 1 1 0 0
113 10 1 1 4 0 0 2 0 0
119 4 0 0 2 0 0 0 0 0
124 6 0 0 2 0 0 0 0 0
131 4 0 0 2 0 0 0 0 0
132 8 1 1 4 0 0 0 0 0
150 4 0 0 2 0 0 0 0 0
164 4 0 0 2 0 0 0 0 0
166 4 1 1 1 0 0 1 0 0
174 2 0 0 1 0 0 0 0 0
179 1 0 0 0 0 0 0 0 0
182 4 1 0 2 0 0 0 0 0
fn=_dl_start
48 38 0 0 19 6 6 0 0 0
50 36 0 0 0 0 0 0 0 0
63 16 0 0 0 0 0 0 0 0
64 23 1 1 0 0 0 17 0 0
65 4 2 2 0 0 0 0 0 0
67 2 0 0 0 0 0 0 0 0
68 5 0 0 0 0 0 0 0 0
70 4 0 0 0 0 0 0 0 0
71 5 0 0 0 0 0 0 0 0
72 1 0 0 0 0 0 0 0 0
73 7 1 1 0 0 0 1 0 0
81 1 0 0 0 0 0 0 0 0
101 5 0 0 2 0 0 1 0 0
102 5 1 1 2 0 0 1 0 0
103 5 0 0 2 0 0 1 0 0
104 5 0 0 2 0 0 1 0 0
106 5 1 1 2 0 0 1 0 0
111 5 0 0 2 0 0 1 0 0
112 5 0 0 2 0 0 1 0 0
113 5 0 0 2 0 0 1 0 0
119 2 1 1 1 0 0 0 0 0
124 3 0 0 1 0 0 0 0 0
131 2 0 0 1 0 0 0 0 0
132 4 0 0 2 0 0 0 0 0
140 2 0 0 1 0 0 0 0 0
143 2 1 1 1 0 0 0 0 0
147 2 0 0 1 0 0 0 0 0
148 2 0 0 1 0 0 0 0 0
fn=dl_main
33 1 0 0 1 0 0 0 0 0
42 1 0 0 0 0 0 0 0 0
46 1 0 0 0 0 0 0 0 0
48 56 0 0 28 8 8 0 0 0
50 54 0 0 0 0 0 0 0 0
63 19 0 0 0 0 0 0 0 0
64 33 0 0 0 0 0 26 6 6
65 4 1 1 0 0 0 0 0 0
67 1 1 1 0 0 0 0 0 0
68 5 1 1 0 0 0 0 0 0
71 5 1 1 0 0 0 0 0 0
72 1 0 0 0 0 0 0 0 0
73 6 1 1 0 0 0 1 0 0
81 2 0 0 1 0 0 0 0 0
101 2 0 0 1 0 0 0 0 0
102 5 1 1 2 0 0 1 0 0
103 5 0 0 2 0 0 1 0 0
104 5 1 1 2 0 0 1 0 0
106 5 0 0 2 0 0 1 0 0
111 5 0 0 2 0 0 1 0 0
112 5 0 0 2 0 0 1 0 0
113 5 1 1 2 0 0 1 0 0
119 2 0 0 1 0 0 0 0 0
124 3 0 0 1 0 0 0 0 0
131 2 0 0 1 0 0 0 0 0
132 4 0 0 2 0 0 0 0 0
150 2 1 1 1 0 0 0 0 0
155 2 0 0 1 0 0 1 1 1
157 1 0 0 0 0 0 0 0 0
159 1 0 0 0 0 0 0 0 0
161 1 0 0 0 0 0 0 0 0
162 1 0 0 0 0 0 1 0 0
164 2 0 0 1 0 0 0 0 0
166 3 0 0 1 0 0 1 0 0
174 2 1 1 1 0 0 0 0 0
179 1 0 0 0 0 0 0 0 0
180 2 0 0 1 0 0 1 0 0
182 2 0 0 1 0 0 0 0 0
fl=/build/glibc-D9JkfM/glibc-2.27/elf/rtld.c
fn=_dl_start
443 2 0 0 0 0 0 1 1 1
444 10 1 1 0 0 0 5 3 3
478 152 0 0 0 0 0 0 0 0
481 76 1 1 0 0 0 76 10 10
486 1 0 0 0 0 0 1 0 0
489 1 0 0 0 0 0 1 0 0
500 1 0 0 0 0 0 0 0 0
505 23 2 2 9 0 0 0 0 0
507 3 0 0 1 1 1 1 0 0
523 3 0 0 1 0 0 0 0 0
532 8 2 1 4 1 0 3 0 0
fn=_dl_start_final
370 6 1 1 0 0 0 6 1 1
386 4 0 0 1 0 0 1 1 1
387 2 0 0 1 0 0 1 0 0
388 4 1 1 0 0 0 0 0 0
390 4 0 0 2 1 1 2 1 1
391 3 0 0 1 1 1 1 0 0
393 4 1 1 0 0 0 0 0 0
394 1 0 0 0 0 0 1 0 0
395 3 0 0 0 0 0 1 0 0
396 3 0 0 0 0 0 1 1 1
397 3 0 0 0 0 0 1 0 0
408 2 0 0 0 0 0 1 0 0
414 4 1 1 0 0 0 0 0 0
430 3 1 0 1 0 0 0 0 0
440 4 0 0 6 1 0 0 0 0
fn=dl_main
799 2 0 0 1 1 0 0 0 0
803 3 0 0 1 1 0 1 0 0
812 4 0 0 3 1 0 1 0 0
817 1 0 0 0 0 0 1 0 0
870 11 1 1 0 0 0 15 3 3
876 3 0 0 0 0 0 0 0 0
879 1 0 0 0 0 0 0 0 0
885 1 0 0 0 0 0 1 0 0
887 5 0 0 0 0 0 1 1 1
891 3 1 1 0 0 0 1 1 1
892 3 0 0 0 0 0 1 0 0
897 3 0 0 0 0 0 1 0 0
907 6 0 0 2 0 0 0 0 0
1108 10 2 2 0 0 0 1 0 0
1110 1 0 0 0 0 0 0 0 0
1111 1 0 0 0 0 0 1 0 0
1112 2 1 1 1 0 0 1 0 0
1113 3 0 0 2 0 0 1 0 0
1117 2 0 0 0 0 0 0 0 0
1118 3 0 0 1 0 0 0 0 0
1139 1 0 0 0 0 0 1 0 0
1140 1 0 0 0 0 0 1 0 0
1142 2 0 0 0 0 0 1 0 0
1144 3 0 0 1 0 0 1 0 0
1147 29 1 1 1 0 0 0 0 0
1148 65 1 1 8 4 4 0 0 0
1152 3 1 1 1 0 0 1 0 0
1153 1 0 0 0 0 0 0 0 0
1157 4 0 0 2 0 0 1 0 0
1158 1 0 0 0 0 0 0 0 0
1166 4 0 0 0 0 0 1 0 0
1167 3 1 1 2 1 1 0 0 0
1169 1 0 0 0 0 0 1 0 0
1176 2 1 1 1 0 0 0 0 0
1188 1 1 1 0 0 0 0 0 0
1194 2 0 0 0 0 0 0 0 0
1202 4 0 0 2 0 0 0 0 0
1203 9 0 0 3 1 1 0 0 0
1204 6 0 0 2 0 0 0 0 0
1205 1 0 0 0 0 0 1 0 0
1208 6 1 1 2 1 1 0 0 0
1209 6 0 0 0 0 0 0 0 0
1210 2 0 0 0 0 0 2 0 0
1211 7 0 0 2 0 0 0 0 0
1212 2 0 0 0 0 0 1 0 0
1234 1 0 0 0 0 0 0 0 0
1239 3 0 0 1 0 0 1 0 0
1240 1 0 0 0 0 0 0 0 0
1243 2 0 0 1 0 0 1 0 0
1244 2 0 0 1 0 0 1 0 0
1245 1 0 0 0 0 0 0 0 0
1250 2 1 1 1 1 1 0 0 0
1253 1 0 0 0 0 0 0 0 0
1255 1 1 1 0 0 0 0 0 0
1257 3 0 0 1 0 0 0 0 0
1270 3 0 0 1 0 0 0 0 0
1271 5 0 0 2 0 0 0 0 0
1272 1 0 0 1 0 0 0 0 0
1273 3 1 1 2 0 0 0 0 0
1276 4 0 0 0 0 0 1 0 0
1278 1 0 0 0 0 0 1 1 1
1279 2 0 0 0 0 0 1 0 0
1281 2 0 0 1 0 0 0 0 0
1282 1 0 0 0 0 0 1 0 0
1286 3 1 1 1 0 0 0 0 0
1288 1 0 0 0 0 0 0 0 0
1293 2 0 0 0 0 0 0 0 0
1296 3 0 0 1 0 0 0 0 0
1312 5 1 1 0 0 0 2 0 0
1318 11 2 2 1 0 0 1 0 0
1323 5 2 2 1 0 0 1 0 0
1326 6 0 0 1 0 0 1 0 0
1328 1 0 0 0 0 0 1 0 0
1333 2 0 0 1 0 0 0 0 0
1336 3 0 0 2 0 0 1 0 0
1337 5 0 0 1 0 0 1 0 0
1338 3 1 1 1 0 0 1 0 0
1339 1 0 0 0 0 0 1 0 0
1340 3 0 0 1 0 0 1 0 0
1341 3 0 0 1 0 0 1 0 0
1346 4 0 0 1 0 0 0 0 0
1347 5 1 1 1 0 0 1 0 0
1364 5 0 0 1 1 1 0 0 0
1365 3 0 0 1 0 0 0 0 0
1367 3 0 0 1 0 0 0 0 0
1369 4 0 0 0 0 0 1 0 0
1370 2 0 0 1 0 0 1 1 1
1374 1 1 1 0 0 0 0 0 0
1375 4 1 1 0 0 0 0 0 0
1376 9 0 0 1 1 1 0 0 0
1378 3 0 0 1 0 0 1 1 1
1379 2 0 0 1 0 0 1 0 0
1384 3 0 0 1 0 0 0 0 0
1389 2 0 0 0 0 0 1 0 0
1390 7 1 1 3 0 0 0 0 0
1391 1 0 0 0 0 0 0 0 0
1570 2 0 0 0 0 0 1 0 0
1578 2 0 0 1 0 0 0 0 0
1581 2 1 1 1 0 0 1 0 0
1585 3 0 0 1 0 0 0 0 0
1590 3 0 0 1 0 0 1 0 0
1591 1 0 0 0 0 0 0 0 0
1592 1 0 0 0 0 0 0 0 0
1596 3 0 0 1 0 0 0 0 0
1611 3 1 1 2 0 0 0 0 0
1612 1 0 0 0 0 0 0 0 0
1613 1 0 0 0 0 0 0 0 0
1615 4 0 0 2 0 0 0 0 0
1618 3 0 0 0 0 0 0 0 0
1631 6 0 0 0 0 0 0 0 0
1708 3 1 1 2 0 0 0 0 0
1712 5 2 2 0 0 0 0 0 0
1713 1 0 0 0 0 0 0 0 0
1716 2 0 0 0 0 0 1 0 0
1717 1 0 0 1 0 0 0 0 0
1718 1 0 0 0 0 0 0 0 0
1719 2 0 0 0 0 0 0 0 0
1726 8 0 0 1 0 0 0 0 0
1732 10 0 0 1 0 0 0 0 0
1733 20 1 1 9 0 0 4 0 0
1736 4 0 0 2 0 0 1 0 0
1737 2 0 0 1 0 0 0 0 0
1738 1 0 0 0 0 0 1 0 0
1740 10 1 1 0 0 0 0 0 0
1741 13 0 0 5 1 0 0 0 0
1751 2 0 0 0 0 0 0 0 0
1753 4 2 2 1 0 0 1 0 0
1754 2 0 0 1 0 0 0 0 0
1756 3 0 0 0 0 0 1 0 0
1758 4 1 1 0 0 0 0 0 0
1760 3 0 0 1 1 0 0 0 0
1774 6 1 1 3 0 0 0 0 0
1775 3 0 0 1 0 0 1 0 0
1776 2 0 0 1 0 0 0 0 0
1787 4 1 1 1 0 0 1 1 0
1788 1 0 0 0 0 0 1 0 0
1789 7 0 0 0 0 0 0 0 0
1799 3 0 0 1 0 0 1 0 0
1800 2 1 1 1 0 0 0 0 0
1801 2 0 0 0 0 0 1 0 0
1803 2 0 0 1 0 0 0 0 0
1808 2 1 1 1 0 0 0 0 0
2038 2 0 0 1 1 1 0 0 0
2094 3 1 1 0 0 0 1 0 0
2098 4 0 0 2 0 0 2 0 0
2104 2 0 0 1 0 0 1 0 0
2107 2 0 0 1 0 0 0 0 0
2161 6 1 1 1 0 0 1 0 0
2168 3 1 1 1 0 0 1 0 0
2171 2 0 0 1 0 0 0 0 0
2172 9 0 0 0 0 0 0 0 0
2174 8 0 0 8 2 0 0 0 0
2179 8 0 0 8 0 0 0 0 0
2181 5 0 0 0 0 0 0 0 0
2183 2 1 1 0 0 0 1 0 0
2184 1 0 0 1 0 0 0 0 0
2187 12 0 0 4 0 0 4 0 0
2189 10 0 0 1 0 0 0 0 0
2190 21 0 0 6 2 0 0 0 0
2194 13 1 1 6 3 0 1 0 0
2195 2 0 0 0 0 0 0 0 0
2205 6 0 0 2 1 0 0 0 0
2210 5 2 2 2 1 0 0 0 0
2212 4 0 0 1 1 0 1 0 0
2219 3 0 0 1 0 0 0 0 0
2222 3 0 0 1 0 0 0 0 0
2231 6 1 1 2 1 0 0 0 0
2233 3 0 0 0 0 0 0 0 0
2250 3 0 0 1 0 0 1 0 0
2251 6 0 0 2 1 0 0 0 0
2262 1 0 0 0 0 0 0 0 0
2266 3 1 1 1 0 0 0 0 0
2286 4 0 0 0 0 0 0 0 0
2287 1 0 0 0 0 0 1 0 0
2288 1 0 0 0 0 0 0 0 0
2289 1 0 0 0 0 0 0 0 0
2293 1 0 0 0 0 0 0 0 0
2298 9 1 1 12 2 0 0 0 0
2464 3 0 0 1 0 0 1 1 1
2466 1 0 0 0 0 0 1 0 0
2467 1 0 0 0 0 0 0 0 0
2471 11 2 2 1 0 0 3 2 2
2473 12 0 0 3 0 0 0 0 0
2475 2 0 0 0 0 0 0 0 0
2477 84 0 0 21 0 0 0 0 0
2478 19 0 0 0 0 0 0 0 0
2480 4 1 1 0 0 0 0 0 0
2486 13 1 1 0 0 0 0 0 0
2507 5 1 1 1 0 0 0 0 0
2514 6 0 0 0 0 0 0 0 0
2516 4 1 1 0 0 0 1 0 0
2562 2 1 1 1 0 0 0 0 0
2563 8 1 1 1 0 0 1 0 0
2565 4 1 1 0 0 0 1 0 0
2605 8 0 0 0 0 0 0 0 0
2616 9 1 1 0 0 0 0 0 0
2635 2 1 1 1 0 0 0 0 0
2667 5 1 1 1 0 0 0 0 0
fn=do_preload
750 6 1 1 0 0 0 6 0 0
756 1 1 1 0 0 0 2 0 0
757 1 0 0 0 0 0 1 0 0
758 2 0 0 0 0 0 1 0 0
760 3 0 0 1 0 0 0 0 0
762 7 0 0 0 0 0 0 0 0
763 2 1 0 1 0 0 0 0 0
771 3 1 1 1 0 0 0 0 0
777 4 0 0 6 0 0 0 0 0
fn=dso_name_valid_for_suid
120 4 2 2 0 0 0 4 0 0
121 3 0 0 1 0 0 0 0 0
129 3 0 0 1 0 0 0 0 0
130 4 0 0 4 0 0 0 0 0
fn=handle_ld_preload
837 11 2 2 0 0 0 9 2 2
838 1 0 0 0 0 0 0 0 0
842 4 0 0 2 0 0 0 0 0
845 8 1 1 0 0 0 0 0 0
846 3 0 0 0 0 0 0 0 0
848 4 1 0 0 0 0 0 0 0
849 2 0 0 0 0 0 1 0 0
855 1 0 0 0 0 0 0 0 0
856 1 0 0 1 0 0 0 0 0
857 2 0 0 0 0 0 0 0 0
859 4 0 0 0 0 0 0 0 0
860 7 1 1 0 0 0 0 0 0
863 9 0 0 9 0 0 0 0 0
fn=init_tls
681 4 1 1 0 0 0 5 0 0
683 4 0 0 1 0 0 1 0 0
687 2 0 0 1 1 0 0 0 0
693 1 0 0 0 0 0 0 0 0
696 1 1 1 0 0 0 1 0 0
697 4 0 0 0 0 0 0 0 0
702 1 0 0 0 0 0 0 0 0
704 1 0 0 0 0 0 2 0 0
708 2 0 0 1 1 1 0 0 0
709 6 0 0 0 0 0 0 0 0
710 6 0 0 1 0 0 0 0 0
711 8 0 0 4 0 0 0 0 0
712 8 1 1 4 2 0 0 0 0
716 2 0 0 0 0 0 1 1 1
718 1 0 0 0 0 0 0 0 0
720 2 0 0 0 0 0 0 0 0
723 1 1 1 0 0 0 0 0 0
730 1 0 0 0 0 0 0 0 0
731 1 0 0 0 0 0 0 0 0
737 3 0 0 1 0 0 1 0 0
740 1 0 0 0 0 0 0 0 0
743 3 1 1 0 0 0 1 0 0
745 1 0 0 0 0 0 0 0 0
746 4 0 0 5 0 0 0 0 0
fn=map_doit
588 4 1 1 0 0 0 3 1 1
590 3 0 0 1 0 0 0 0 0
591 6 1 0 2 0 0 1 0 0
593 3 0 0 3 0 0 0 0 0
fn=rtld_lock_default_lock_recursive
784 15 3 2 5 2 1 5 0 0
785 5 0 0 0 0 0 0 0 0
fn=rtld_lock_default_unlock_recursive
790 15 0 0 5 1 0 5 0 0
791 5 0 0 0 0 0 0 0 0
fn=version_check_doit
621 4 1 1 0 0 0 3 0 0
623 6 0 0 2 0 0 0 0 0
627 3 0 0 3 0 0 0 0 0
fl=/build/glibc-D9JkfM/glibc-2.27/elf/setup-vdso.h
fn=dl_main
24 3 0 0 1 0 0 0 0 0
fl=/build/glibc-D9JkfM/glibc-2.27/io/../sysdeps/unix/sysv/linux/access.c
fn=access
25 1 1 1 0 0 0 0 0 0
29 11 1 1 0 0 0 1 0 0
31 1 0 0 0 0 0 0 0 0
fl=/build/glibc-D9JkfM/glibc-2.27/io/../sysdeps/unix/sysv/linux/close.c
fn=close
27 15 1 1 0 0 0 0 0 0
28 3 0 0 0 0 0 0 0 0
fl=/build/glibc-D9JkfM/glibc-2.27/io/../sysdeps/unix/sysv/linux/generic/xstat.c
fn=_xstat
35 4 1 1 0 0 0 0 0 0
36 36 0 0 0 0 0 3 0 0
40 4 0 0 0 0 0 0 0 0
fl=/build/glibc-D9JkfM/glibc-2.27/io/../sysdeps/unix/sysv/linux/open64.c
fn=open
36 28 1 1 0 0 0 7 1 1
39 42 0 0 0 0 0 0 0 0
47 58 2 2 0 0 0 4 0 0
49 14 0 0 0 0 0 0 0 0
fl=/build/glibc-D9JkfM/glibc-2.27/io/../sysdeps/unix/sysv/linux/read.c
fn=read
27 10 2 1 0 0 0 0 0 0
28 2 0 0 0 0 0 0 0 0
fl=/build/glibc-D9JkfM/glibc-2.27/io/../sysdeps/unix/sysv/linux/wordsize-64/fxstat.c
fn=_fxstat
34 4 2 2 0 0 0 0 0 0
35 24 1 1 0 0 0 0 0 0
39 4 0 0 0 0 0 0 0 0
fl=/build/glibc-D9JkfM/glibc-2.27/io/../sysdeps/unix/sysv/linux/write.c
fn=write
26 4 1 1 0 0 0 3 0 0
27 10 1 1 2 1 0 0 0 0
28 4 0 0 3 0 0 0 0 0
fl=/build/glibc-D9JkfM/glibc-2.27/libio/filedoalloc.c
fn=_IO_file_doallocate
78 10 1 1 2 0 0 6 2 2
83 1 0 0 0 0 0 0 0 0
84 8 0 0 3 0 0 0 0 0
86 4 0 0 1 0 0 0 0 0
97 5 1 1 1 1 1 0 0 0
101 2 0 0 0 0 0 0 0 0
102 1 0 0 0 0 0 0 0 0
104 5 0 0 0 0 0 0 0 0
105 1 0 0 0 0 0 0 0 0
106 9 1 1 8 0 0 0 0 0
fl=/build/glibc-D9JkfM/glibc-2.27/libio/fileops.c
fn=_IO_do_write@@GLIBC_2.17
431 4 1 1 0 0 0 3 0 0
433 6 1 1 0 0 0 0 0 0
434 4 0 0 3 0 0 0 0 0
fn=_IO_file_overflow@@GLIBC_2.17
746 12 1 1 2 0 0 8 1 1
747 4 2 1 2 0 0 0 0 0
754 4 0 0 1 0 0 0 0 0
757 1 1 1 0 0 0 0 0 0
759 2 1 1 0 0 0 0 0 0
760 5 0 0 2 0 0 3 0 0
769 1 0 0 0 0 0 0 0 0
778 4 0 0 2 0 0 0 0 0
781 1 0 0 0 0 0 2 0 0
782 1 0 0 0 0 0 2 0 0
783 1 1 1 0 0 0 1 0 0
785 2 0 0 0 0 0 1 0 0
786 6 0 0 1 0 0 0 0 0
789 4 0 0 0 0 0 0 0 0
790 8 3 1 2 0 0 0 0 0
802 4 0 0 8 0 0 0 0 0
fn=_IO_file_setbuf@@GLIBC_2.17
389 4 1 1 0 0 0 3 0 0
390 2 0 0 0 0 0 0 0 0
393 1 0 0 0 0 0 2 0 0
394 2 0 0 1 0 0 2 0 0
395 1 0 0 0 0 0 2 0 0
397 1 0 0 0 0 0 0 0 0
398 3 1 1 3 0 0 0 0 0
fn=_IO_file_stat
1170 4 1 1 1 0 0 0 0 0
fn=_IO_file_sync@@GLIBC_2.17
807 4 1 1 0 0 0 3 0 0
812 3 0 0 2 0 0 0 0 0
814 1 1 1 2 0 0 0 0 0
815 2 0 0 0 0 0 0 0 0
830 3 1 1 0 0 0 1 0 0
834 3 0 0 3 0 0 0 0 0
fn=_IO_file_write@@GLIBC_2.17
1196 4 1 1 0 0 0 3 0 0
1198 13 0 0 3 0 0 3 0 0
1203 6 1 1 2 0 0 0 0 0
1204 1 0 0 0 0 0 0 0 0
1209 1 0 0 0 0 0 0 0 0
1210 1 0 0 0 0 0 0 0 0
1213 2 0 0 1 0 0 0 0 0
1216 3 1 1 3 0 0 0 0 0
fn=_IO_file_xsputn@@GLIBC_2.17
1220 9 3 2 0 0 0 9 1 1
1226 9 0 0 0 0 0 6 0 0
1227 3 0 0 0 0 0 0 0 0
1233 27 0 0 6 1 1 6 0 0
1250 10 1 1 3 0 0 0 0 0
1251 2 1 1 0 0 0 0 0 0
1254 8 1 1 0 0 0 0 0 0
1258 8 0 0 0 0 0 2 0 0
1259 2 0 0 0 0 0 0 0 0
1260 2 0 0 0 0 0 0 0 0
1262 4 0 0 0 0 0 0 0 0
1266 7 1 1 2 0 0 0 0 0
1272 2 0 0 2 0 0 0 0 0
1273 6 0 0 0 0 0 0 0 0
1275 1 0 0 0 0 0 0 0 0
1280 2 0 0 0 0 0 0 0 0
1286 1 0 0 0 0 0 0 0 0
1287 9 1 1 4 1 0 0 0 0
1290 16 1 1 17 0 0 0 0 0
fn=new_do_write
440 15 2 2 1 0 0 8 0 0
442 2 0 0 1 0 0 0 0 0
449 4 1 1 2 0 0 0 0 0
457 6 1 1 1 1 0 0 0 0
458 4 0 0 1 0 0 0 0 0
460 2 0 0 1 0 0 2 0 0
461 2 0 0 0 0 0 3 0 0
462 1 0 0 0 0 0 1 0 0
463 4 1 1 1 0 0 0 0 0
464 5 0 0 2 0 0 0 0 0
466 6 0 0 8 0 0 0 0 0
fl=/build/glibc-D9JkfM/glibc-2.27/libio/genops.c
fn=_IO_cleanup
849 7 2 2 1 0 0 2 0 0
850 25 2 2 4 0 0 4 0 0
853 10 0 0 4 0 0 2 0 0
862 9 0 0 3 0 0 0 0 0
864 4 0 0 2 0 0 0 0 0
870 20 1 1 5 0 0 4 0 0
878 5 2 2 2 1 1 0 0 0
880 2 0 0 0 0 0 1 0 0
882 1 0 0 1 0 0 0 0 0
883 1 0 0 0 0 0 1 0 0
884 3 0 0 1 0 0 2 0 0
887 6 0 0 2 0 0 0 0 0
889 3 0 0 1 0 0 0 0 0
893 4 1 1 1 0 0 0 0 0
894 15 1 1 7 0 0 3 0 0
901 6 0 0 0 0 0 3 0 0
905 11 2 2 1 0 0 3 0 0
906 1 0 0 0 0 0 0 0 0
926 11 2 2 2 0 0 9 0 0
929 3 0 0 0 0 0 0 0 0
941 12 0 0 11 0 0 0 0 0
fn=_IO_default_setbuf
348 2 0 0 0 0 0 0 0 0
351 2 0 0 0 0 0 2 0 0
355 2 0 0 0 0 0 1 0 0
479 7 1 1 0 0 0 6 0 0
480 6 0 0 2 0 0 0 0 0
482 5 1 1 2 0 0 0 0 0
484 3 1 1 0 0 0 1 0 0
485 1 0 0 0 0 0 0 0 0
492 2 0 0 0 0 0 4 0 0
493 1 0 0 0 0 0 2 0 0
494 1 0 0 0 0 0 0 0 0
495 4 0 0 6 0 0 0 0 0
fn=_IO_default_xsputn
389 8 0 0 0 0 0 9 0 0
392 1 1 1 0 0 0 0 0 0
393 1 0 0 0 0 0 0 0 0
397 3 1 1 2 0 0 0 0 0
399 3 0 0 0 0 0 0 0 0
402 2 0 0 0 0 0 0 0 0
407 2 1 1 0 0 0 0 0 0
411 24 0 0 0 0 0 0 0 0
412 36 0 0 12 0 0 12 0 0
413 3 0 0 0 0 0 1 0 0
415 2 1 1 0 0 0 0 0 0
417 1 0 0 0 0 0 0 0 0
422 6 0 0 9 0 0 0 0 0
fn=_IO_doallocbuf
361 4 0 0 0 0 0 4 1 1
362 2 1 1 1 0 0 0 0 0
364 2 0 0 1 0 0 0 0 0
365 6 1 1 2 1 1 0 0 0
368 3 0 0 4 1 0 0 0 0
fn=_IO_flush_all_lockp
749 12 1 1 2 0 0 10 0 0
750 1 0 0 0 0 0 0 0 0
754 7 1 1 1 0 0 2 0 0
755 25 3 3 4 1 0 4 0 0
758 13 0 0 8 3 3 2 0 0
760 6 0 0 0 0 0 3 0 0
761 3 0 0 0 0 0 0 0 0
764 18 3 3 9 5 4 0 0 0
769 5 0 0 2 0 0 0 0 0
770 2 0 0 0 0 0 0 0 0
772 3 1 1 0 0 0 0 0 0
774 6 0 0 0 0 0 3 0 0
778 11 2 2 1 0 0 3 0 0
779 1 0 0 0 0 0 0 0 0
783 12 0 0 12 0 0 0 0 0
fn=_IO_setb
347 5 1 1 1 0 0 3 0 0
348 2 1 1 1 0 0 0 0 0
351 1 0 0 0 0 0 2 0 0
353 5 0 0 0 0 0 1 0 0
356 3 0 0 3 0 0 0 0 0
fl=/build/glibc-D9JkfM/glibc-2.27/libio/libioP.h
fn=_IO_cleanup
870 8 1 1 0 0 0 2 0 0
872 1 0 0 0 0 0 0 0 0
873 2 0 0 0 0 0 0 0 0
fn=_IO_default_setbuf
870 5 1 1 0 0 0 0 0 0
872 1 0 0 0 0 0 0 0 0
873 2 0 0 0 0 0 0 0 0
fn=_IO_default_xsputn
870 7 0 0 0 0 0 0 0 0
fn=_IO_doallocbuf
870 5 0 0 0 0 0 0 0 0
872 1 0 0 0 0 0 0 0 0
873 2 1 1 0 0 0 0 0 0
fn=_IO_file_doallocate
870 5 1 1 0 0 0 0 0 0
872 1 0 0 0 0 0 0 0 0
873 2 0 0 0 0 0 0 0 0
fn=_IO_file_xsputn@@GLIBC_2.17
870 5 0 0 0 0 0 0 0 0
872 1 0 0 0 0 0 0 0 0
873 2 0 0 0 0 0 0 0 0
fn=_IO_flush_all_lockp
870 6 0 0 0 0 0 1 0 0
872 1 0 0 0 0 0 0 0 0
873 2 0 0 0 0 0 0 0 0
fn=new_do_write
873 2 0 0 0 0 0 0 0 0
fl=/build/glibc-D9JkfM/glibc-2.27/libio/vtables.c
fn=check_stdfiles_vtables
84 7 1 1 2 2 0 0 0 0
85 5 1 1 2 1 0 0 0 0
86 5 0 0 2 1 0 0 0 0
88 1 0 0 0 0 0 0 0 0
fl=/build/glibc-D9JkfM/glibc-2.27/malloc/arena.c
fn=malloc_hook_ini
291 3 0 0 1 1 1 0 0 0
fn=memalign_hook_ini
291 4 1 1 1 0 0 0 0 0
fn=ptmalloc_init.part.0
289 9 2 2 2 0 0 6 1 0
294 3 0 0 0 0 0 1 0 0
302 3 0 0 1 1 1 0 0 0
303 7 1 1 0 0 0 0 0 0
304 4 0 0 2 0 0 0 0 0
308 6 1 1 1 1 0 1 1 0
310 2 0 0 0 0 0 0 0 0
313 6 0 0 1 1 0 0 0 0
314 5 1 1 1 1 0 0 0 0
315 5 0 0 1 0 0 0 0 0
316 5 0 0 1 1 0 0 0 0
317 5 1 1 1 1 0 0 0 0
318 5 0 0 1 1 0 0 0 0
319 5 0 0 1 0 0 0 0 0
320 5 1 1 1 1 0 0 0 0
322 5 0 0 1 0 0 0 0 0
323 5 0 0 1 0 0 0 0 0
324 5 1 1 1 0 0 0 0 0
395 3 0 0 2 2 1 0 0 0
396 1 0 0 0 0 0 0 0 0
399 3 0 0 0 0 0 1 1 0
400 9 0 0 8 0 0 0 0 0
fn=sysmalloc
535 1 0 0 0 0 0 0 0 0
fl=/build/glibc-D9JkfM/glibc-2.27/malloc/hooks.c
fn=malloc_hook_ini
30 3 1 1 1 0 0 1 0 0
32 1 0 0 0 0 0 0 0 0
fn=memalign_hook_ini
47 3 1 1 1 0 0 1 0 0
fl=/build/glibc-D9JkfM/glibc-2.27/malloc/malloc.c
fn=_int_malloc
1654 12 0 0 0 0 0 9 0 0
1887 12 2 2 6 0 0 0 0 0
3531 12 2 2 0 0 0 12 0 0
3563 39 0 0 0 0 0 6 0 0
3567 6 1 1 0 0 0 3 0 0
3591 9 0 0 3 0 0 0 0 0
3649 16 2 2 0 0 0 0 0 0
3651 2 0 0 0 0 0 1 0 0
3652 4 1 1 0 0 0 0 0 0
3654 3 0 0 1 1 1 0 0 0
3711 53 4 4 0 0 0 24 0 0
3712 6 0 0 2 0 0 0 0 0
3713 21 3 3 0 0 0 9 0 0
3730 7 0 0 0 0 0 3 0 0
3731 6 0 0 0 0 0 0 0 0
3732 21 1 1 7 0 0 0 0 0
3736 3 0 0 0 0 0 0 0 0
3741 3 0 0 0 0 0 0 0 0
3742 9 2 2 0 0 0 0 0 0
3762 6 0 0 0 0 0 0 0 0
3796 9 1 1 0 0 0 0 0 0
3830 5 1 1 0 0 0 0 0 0
3878 6 0 0 0 0 0 3 0 0
3889 9 0 0 9 1 1 0 0 0
3897 3 0 0 0 0 0 0 0 0
3903 3 1 1 0 0 0 0 0 0
3914 6 1 1 0 0 0 0 0 0
3916 8 0 0 2 0 0 0 0 0
3919 8 0 0 2 1 1 0 0 0
3987 6 1 1 3 0 0 0 0 0
3988 9 0 0 0 0 0 0 0 0
3989 6 0 0 0 0 0 0 0 0
3990 6 0 0 3 1 1 0 0 0
3991 6 0 0 0 0 0 0 0 0
3996 9 0 0 0 0 0 0 0 0
4000 15 1 1 0 0 0 0 0 0
4003 8 0 0 2 0 0 0 0 0
4100 3 0 0 3 0 0 0 0 0
4101 6 1 1 3 0 0 0 0 0
4103 9 0 0 0 0 0 0 0 0
4105 1 0 0 0 0 0 0 0 0
4106 1 0 0 0 0 0 0 0 0
4107 1 0 0 0 0 0 1 0 0
4108 7 0 0 0 0 0 1 0 0
4110 2 0 0 0 0 0 1 1 1
4113 1 0 0 0 0 0 0 0 0
4120 10 0 0 2 0 0 8 0 0
4135 8 1 1 0 0 0 0 0 0
4136 2 1 1 0 0 0 0 0 0
4141 27 0 0 33 0 0 0 0 0
fn=_int_memalign
4652 4 1 1 0 0 0 4 0 0
4666 9 0 0 0 0 0 0 0 0
4675 6 1 1 0 0 0 1 0 0
4683 6 0 0 0 0 0 1 0 0
4685 1 0 0 0 0 0 0 0 0
4688 1 0 0 0 0 0 0 0 0
4690 3 0 0 0 0 0 0 0 0
4699 7 1 1 0 0 0 2 0 0
4701 3 0 0 0 0 0 0 0 0
4706 3 0 0 1 0 0 0 0 0
4709 1 0 0 0 0 0 0 0 0
4711 2 1 1 1 0 0 0 0 0
4712 2 0 0 0 0 0 2 1 1
4713 3 0 0 4 0 0 0 0 0
4745 5 0 0 4 0 0 0 0 0
fn=_mid_memalign
3271 5 0 0 0 0 0 3 0 0
3276 6 1 1 4 1 0 0 0 0
3277 2 0 0 0 0 0 0 0 0
3278 1 1 1 0 0 0 0 0 0
3281 3 1 1 0 0 0 1 0 0
3285 2 0 0 0 0 0 0 0 0
3290 3 0 0 0 0 0 0 0 0
3297 5 0 0 0 0 0 1 0 0
3305 3 0 0 0 0 0 0 0 0
3307 2 2 2 0 0 0 0 0 0
3313 4 1 1 2 2 1 0 0 0
3315 7 1 1 0 0 0 0 0 0
3316 5 1 1 2 0 0 0 0 0
3338 5 0 0 4 0 0 0 0 0
fn=malloc
2993 3 1 1 1 0 0 0 0 0
3038 4 0 0 0 0 0 3 0 0
3043 6 1 1 4 2 2 0 0 0
3044 2 0 0 0 0 0 0 0 0
3045 2 1 1 0 0 0 0 0 0
3049 14 2 2 4 0 0 1 0 0
3050 2 0 0 0 0 0 0 0 0
3052 8 0 0 2 2 2 3 0 0
3055 4 0 0 1 0 0 0 0 0
3065 4 1 1 2 0 0 0 0 0
3067 6 0 0 0 0 0 0 0 0
3068 5 0 0 1 0 0 0 0 0
3091 4 0 0 3 0 0 0 0 0
fn=malloc_init_state
1809 4 1 1 0 0 0 0 0 0
1814 254 1 1 0 0 0 0 0 0
1817 254 0 0 0 0 0 254 33 32
1821 4 0 0 0 0 0 0 0 0
1825 3 0 0 0 0 0 1 1 1
1826 2 1 1 0 0 0 1 1 0
1828 1 0 0 0 0 0 1 0 0
1829 1 0 0 0 0 0 0 0 0
fn=memalign_hook_ini
3266 1 0 0 0 0 0 0 0 0
fn=sysmalloc
2274 10 1 1 0 0 0 10 0 0
2294 6 0 0 4 0 0 0 0 0
2305 4 0 0 0 0 0 2 0 0
2306 22 1 1 2 2 2 8 0 0
2307 3 1 1 2 1 1 0 0 0
2321 8 1 1 0 0 0 0 0 0
2327 3 0 0 0 0 0 0 0 0
2329 9 1 1 0 0 0 1 0 0
2331 7 0 0 4 0 0 0 0 0
2346 4 1 1 0 0 0 1 0 0
2362 2 0 0 0 0 0 2 1 1
2367 8 1 1 1 0 0 1 0 0
2368 10 1 1 2 0 0 1 0 0
2371 7 0 0 1 0 0 1 0 0
2372 11 1 1 3 0 0 1 0 0
2387 1 0 0 1 0 0 0 0 0
2388 2 0 0 1 0 0 0 0 0
2389 1 0 0 0 0 0 0 0 0
2398 3 1 1 0 0 0 0 0 0
2404 3 0 0 0 0 0 0 0 0
2407 4 0 0 0 0 0 0 0 0
2460 4 1 1 1 0 0 0 0 0
2468 2 0 0 1 0 0 0 0 0
2469 1 1 1 0 0 0 0 0 0
2479 4 0 0 0 0 0 0 0 0
2487 2 1 1 0 0 0 0 0 0
2489 7 1 1 2 1 1 2 0 0
2490 1 0 0 0 0 0 0 0 0
2493 3 0 0 2 0 0 0 0 0
2496 5 0 0 2 1 1 0 0 0
2497 1 0 0 0 0 0 0 0 0
2541 3 1 1 0 0 0 0 0 0
2543 3 1 1 1 1 1 0 0 0
2544 2 1 1 0 0 0 1 0 0
2545 4 0 0 1 0 0 1 0 0
2551 3 0 0 0 0 0 0 0 0
2554 5 1 1 1 0 0 0 0 0
2588 1 0 0 0 0 0 0 0 0
2594 2 1 1 0 0 0 0 0 0
2616 2 0 0 0 0 0 0 0 0
2617 5 0 0 0 0 0 0 0 0
2619 1 0 0 0 0 0 0 0 0
2620 7 1 1 2 0 0 1 0 0
2632 3 0 0 1 0 0 0 0 0
2640 3 1 1 2 0 0 0 0 0
2641 4 1 1 1 0 0 0 0 0
2679 2 1 1 0 0 0 1 0 0
2680 4 0 0 0 0 0 1 1 1
2681 2 0 0 0 0 0 1 0 0
2692 1 0 0 0 0 0 0 0 0
2724 3 1 1 1 0 0 0 0 0
2725 1 0 0 0 0 0 1 0 0
2730 2 0 0 1 0 0 0 0 0
2733 2 1 1 0 0 0 0 0 0
2735 1 0 0 0 0 0 0 0 0
2736 1 0 0 0 0 0 0 0 0
2737 1 0 0 0 0 0 1 0 0
2738 6 0 0 0 0 0 1 0 0
2739 2 0 0 0 0 0 1 1 1
2741 5 0 0 7 0 0 0 0 0
2747 8 0 0 10 0 0 0 0 0
fn=tcache_init.part.3
2987 4 1 1 0 0 0 5 0 0
2996 12 1 1 3 1 1 1 0 0
2997 4 0 0 0 0 0 0 0 0
2998 1 0 0 0 0 0 0 0 0
3006 6 1 1 1 0 0 1 0 0
3015 2 0 0 0 0 0 1 0 0
3016 4 0 0 0 0 0 0 0 0
3019 3 0 0 5 0 0 0 0 0
fn=valloc
3345 5 0 0 2 1 0 4 0 0
3346 4 2 2 1 1 1 0 0 0
3350 2 0 0 1 1 0 0 0 0
3351 3 0 0 1 0 0 0 0 0
3352 1 1 1 2 0 0 0 0 0
fl=/build/glibc-D9JkfM/glibc-2.27/malloc/morecore.c
fn=__default_morecore
46 4 1 1 0 0 0 4 0 0
47 2 0 0 0 0 0 0 0 0
49 2 0 0 0 0 0 0 0 0
52 6 0 0 4 0 0 0 0 0
fl=/build/glibc-D9JkfM/glibc-2.27/misc/../sysdeps/unix/syscall-template.S
fn=mprotect
78 24 1 1 0 0 0 0 0 0
79 6 0 0 0 0 0 0 0 0
fn=munmap
78 4 0 0 0 0 0 0 0 0
79 1 0 0 0 0 0 0 0 0
fl=/build/glibc-D9JkfM/glibc-2.27/misc/../sysdeps/unix/sysv/linux/generic/brk.c
fn=brk
33 2 1 1 0 0 0 0 0 0
36 10 0 0 2 0 0 2 0 0
37 4 0 0 0 0 0 0 0 0
43 2 0 0 0 0 0 0 0 0
44 2 0 0 0 0 0 0 0 0
fl=/build/glibc-D9JkfM/glibc-2.27/misc/../sysdeps/unix/sysv/linux/mmap64.c
fn=mmap
51 16 2 2 0 0 0 0 0 0
59 56 1 1 0 0 0 0 0 0
61 8 0 0 0 0 0 0 0 0
fl=/build/glibc-D9JkfM/glibc-2.27/misc/init-misc.c
fn=__init_misc
30 3 1 1 0 0 0 3 0 0
31 4 1 1 1 0 0 1 0 0
33 4 0 0 0 0 0 0 0 0
34 1 0 0 0 0 0 0 0 0
37 4 0 0 1 1 0 1 1 0
38 5 1 1 3 0 0 1 0 0
40 3 0 0 3 0 0 0 0 0
fl=/build/glibc-D9JkfM/glibc-2.27/misc/sbrk.c
fn=sbrk
32 10 1 1 0 0 0 10 0 0
40 11 0 0 5 3 3 0 0 0
41 5 1 1 2 0 0 0 0 0
44 4 0 0 0 0 0 0 0 0
48 4 0 0 0 0 0 0 0 0
49 1 0 0 0 0 0 0 0 0
56 3 1 1 0 0 0 0 0 0
60 10 0 0 10 0 0 0 0 0
fl=/build/glibc-D9JkfM/glibc-2.27/nptl/alloca_cutoff.c
fn=__libc_alloca_cutoff
28 20 2 2 2 1 1 0 0 0
35 4 0 0 0 0 0 0 0 0
fl=/build/glibc-D9JkfM/glibc-2.27/nptl/unregister-atfork.c
fn=__unregister_atfork
28 22 2 2 4 0 0 18 0 0
36 4 0 0 2 0 0 0 0 0
39 2 0 0 0 0 0 0 0 0
121 22 2 2 22 0 0 0 0 0
fl=/build/glibc-D9JkfM/glibc-2.27/posix/../sysdeps/unix/syscall-template.S
fn=uname
78 4 1 1 0 0 0 0 0 0
79 1 0 0 0 0 0 0 0 0
fl=/build/glibc-D9JkfM/glibc-2.27/posix/../sysdeps/unix/sysv/linux/_exit.c
fn=_Exit
27 4 1 1 1 0 0 0 0 0
31 3 0 0 0 0 0 0 0 0
fl=/build/glibc-D9JkfM/glibc-2.27/setjmp/../sysdeps/aarch64/setjmp.S
fn=__sigsetjmp
39 5 1 1 0 0 0 10 0 0
40 5 0 0 0 0 0 10 0 0
41 5 0 0 0 0 0 10 2 2
42 5 0 0 0 0 0 10 0 0
43 5 0 0 0 0 0 10 0 0
46 16 0 0 6 0 0 0 0 0
47 5 0 0 0 0 0 10 0 0
54 5 0 0 0 0 0 0 0 0
55 5 0 0 0 0 0 10 2 2
56 5 1 1 0 0 0 10 0 0
57 5 0 0 0 0 0 10 0 0
58 5 0 0 0 0 0 10 0 0
60 5 0 0 0 0 0 0 0 0
61 16 1 1 6 0 0 0 0 0
62 5 0 0 0 0 0 5 0 0
69 4 0 0 0 0 0 0 0 0
70 4 0 0 0 0 0 0 0 0
72 1 0 0 0 0 0 0 0 0
fn=_setjmp
30 1 1 1 0 0 0 0 0 0
31 1 0 0 0 0 0 0 0 0
fl=/build/glibc-D9JkfM/glibc-2.27/setjmp/sigjmp.c
fn=__sigjmp_save
28 4 0 0 0 0 0 3 0 0
29 2 1 1 0 0 0 1 0 0
34 4 0 0 3 0 0 0 0 0
fl=/build/glibc-D9JkfM/glibc-2.27/stdio-common/../include/../locale/localeinfo.h
fn=__printf_fp_l
309 6 0 0 4 2 2 2 0 0
324 4 1 1 2 1 1 2 0 0
fl=/build/glibc-D9JkfM/glibc-2.27/stdio-common/../include/rounding-mode.h
fn=__printf_fp_l
46 8 1 1 0 0 0 0 0 0
52 4 0 0 0 0 0 0 0 0
fl=/build/glibc-D9JkfM/glibc-2.27/stdio-common/../libio/libioP.h
fn=vfprintf
870 6 0 0 0 0 0 1 0 0
872 3 0 0 0 0 0 0 0 0
873 8 1 1 2 0 0 0 0 0
fl=/build/glibc-D9JkfM/glibc-2.27/stdio-common/../sysdeps/aarch64/fpu/get-rounding-mode.h
fn=__printf_fp_l
34 2 1 1 0 0 0 0 0 0
35 2 0 0 0 0 0 0 0 0
fl=/build/glibc-D9JkfM/glibc-2.27/stdio-common/../sysdeps/pthread/allocalim.h
fn=__printf_fp_l
27 4 0 0 0 0 0 0 0 0
29 6 0 0 0 0 0 0 0 0
fl=/build/glibc-D9JkfM/glibc-2.27/stdio-common/printf-parse.h
fn=vfprintf
108 10 1 1 0 0 0 1 0 0
fl=/build/glibc-D9JkfM/glibc-2.27/stdio-common/printf_fp.c
fn=__printf_fp
1272 14 1 1 4 0 0 0 0 0
fn=__printf_fp_l
213 34 2 2 6 0 0 28 0 0
230 4 0 0 2 0 0 2 0 0
231 2 0 0 0 0 0 2 0 0
257 2 0 0 0 0 0 0 0 0
263 8 0 0 2 0 0 2 0 0
270 2 0 0 0 0 0 4 0 0
273 4 0 0 0 0 0 0 0 0
294 2 0 0 0 0 0 0 0 0
302 2 0 0 0 0 0 0 0 0
388 2 0 0 0 0 0 0 0 0
392 40 3 3 2 0 0 2 0 0
428 8 1 1 2 0 0 0 0 0
429 2 0 0 0 0 0 0 0 0
430 2 0 0 0 0 0 0 0 0
432 2 0 0 0 0 0 0 0 0
433 10 1 1 0 0 0 2 0 0
434 6 0 0 0 0 0 2 0 0
435 4 0 0 0 0 0 0 0 0
441 2 0 0 0 0 0 4 0 0
442 4 0 0 0 0 0 0 0 0
445 2 0 0 0 0 0 0 0 0
453 1 0 0 0 0 0 0 0 0
455 1 0 0 0 0 0 0 0 0
456 3 0 0 0 0 0 0 0 0
459 7 1 1 0 0 0 0 0 0
467 4 1 1 0 0 0 0 0 0
470 2 1 1 0 0 0 0 0 0
471 10 0 0 2 0 0 1 0 0
472 1 0 0 0 0 0 0 0 0
473 5 1 1 1 0 0 2 0 0
475 3 1 1 1 0 0 0 0 0
480 13 1 1 0 0 0 0 0 0
484 66 0 0 14 5 5 0 0 0
486 1 0 0 0 0 0 0 0 0
510 1 0 0 0 0 0 0 0 0
511 1 0 0 1 0 0 0 0 0
518 1 0 0 1 0 0 0 0 0
530 1 0 0 0 0 0 1 0 0
531 5 0 0 2 0 0 0 0 0
537 2 0 0 0 0 0 0 0 0
547 9 0 0 4 0 0 0 0 0
550 5 1 1 2 0 0 1 0 0
551 4 0 0 3 0 0 0 0 0
552 3 0 0 0 0 0 0 0 0
553 3 1 1 0 0 0 0 0 0
556 13 1 1 0 0 0 0 0 0
558 51 0 0 12 0 0 0 0 0
559 1 0 0 0 0 0 1 0 0
565 2 0 0 0 0 0 0 0 0
569 6 0 0 4 0 0 0 0 0
573 4 2 2 1 0 0 0 0 0
575 1 0 0 0 0 0 0 0 0
601 7 0 0 0 0 0 0 0 0
604 4 1 1 0 0 0 0 0 0
620 3 1 1 0 0 0 0 0 0
622 5 0 0 1 0 0 1 0 0
623 5 0 0 2 0 0 0 0 0
625 8 1 1 3 0 0 1 0 0
645 1 1 1 0 0 0 0 0 0
648 4 1 1 0 0 0 0 0 0
656 1 0 0 0 0 0 0 0 0
658 2 0 0 0 0 0 0 0 0
661 3 2 2 0 0 0 0 0 0
662 4 0 0 2 0 0 2 0 0
665 2 0 0 0 0 0 1 0 0
666 5 0 0 1 0 0 2 0 0
671 12 1 1 0 0 0 0 0 0
673 36 1 1 12 0 0 0 0 0
686 2 0 0 0 0 0 0 0 0
714 2 0 0 0 0 0 1 0 0
783 12 0 0 0 0 0 0 0 0
785 58 0 0 0 0 0 0 0 0
787 3 1 1 1 0 0 0 0 0
791 4 1 1 3 0 0 0 0 0
792 2 0 0 1 0 0 1 0 0
795 4 0 0 2 0 0 0 0 0
796 6 1 1 1 0 0 0 0 0
798 1 0 0 1 0 0 0 0 0
804 2 1 1 0 0 0 0 0 0
805 2 0 0 1 0 0 1 0 0
806 1 0 0 0 0 0 0 0 0
809 2 0 0 0 0 0 1 0 0
827 4 0 0 2 0 0 2 0 0
831 1 0 0 0 0 0 1 0 0
836 2 1 1 0 0 0 2 0 0
837 22 0 0 10 1 1 6 0 0
839 4 1 1 0 0 0 0 0 0
849 6 0 0 2 0 0 0 0 0
851 2 1 1 0 0 0 2 0 0
852 10 0 0 2 0 0 2 0 0
853 5 0 0 0 0 0 2 0 0
854 2 0 0 0 0 0 0 0 0
855 4 0 0 2 0 0 0 0 0
857 3 1 1 1 0 0 1 0 0
859 5 0 0 0 0 0 1 0 0
863 1 0 0 0 0 0 1 0 0
864 2 1 1 0 0 0 1 0 0
883 2 1 1 0 0 0 0 0 0
897 2 0 0 0 0 0 0 0 0
911 12 1 1 2 0 0 0 0 0
918 6 1 1 2 0 0 0 0 0
928 14 0 0 0 0 0 4 0 0
929 4 0 0 2 0 0 0 0 0
932 7 1 1 3 0 0 0 0 0
935 18 0 0 4 0 0 1 0 0
938 6 1 1 0 0 0 2 0 0
940 1 0 0 0 0 0 0 0 0
941 1 0 0 1 0 0 0 0 0
942 4 0 0 1 0 0 0 0 0
944 5 1 1 3 0 0 1 0 0
950 3 0 0 0 0 0 1 0 0
951 3 0 0 1 0 0 1 0 0
952 4 0 0 2 0 0 1 0 0
956 2 0 0 0 0 0 0 0 0
957 4 0 0 0 0 0 2 0 0
958 42 0 0 0 0 0 0 0 0
959 4 0 0 0 0 0 0 0 0
961 12 0 0 0 0 0 0 0 0
962 36 0 0 0 0 0 12 0 0
963 12 1 1 0 0 0 0 0 0
965 48 0 0 0 0 0 0 0 0
974 10 2 2 4 0 0 2 0 0
975 4 0 0 0 0 0 0 0 0
977 12 0 0 2 0 0 0 0 0
978 1 0 0 0 0 0 0 0 0
979 8 1 1 4 0 0 0 0 0
982 5 1 1 1 0 0 0 0 0
987 12 1 1 3 0 0 0 0 0
994 6 0 0 2 0 0 0 0 0
1093 6 1 1 0 0 0 0 0 0
1100 2 0 0 0 0 0 0 0 0
1103 2 1 1 0 0 0 0 0 0
1116 6 0 0 2 0 0 0 0 0
1162 12 3 2 4 0 0 0 0 0
1164 8 0 0 2 0 0 0 0 0
1166 10 0 0 2 0 0 0 0 0
1169 2 0 0 0 0 0 0 0 0
1171 4 1 1 2 0 0 0 0 0
1173 2 1 1 0 0 0 0 0 0
1176 10 1 1 2 0 0 0 0 0
1185 4 0 0 2 0 0 0 0 0
1192 4 0 0 2 0 0 0 0 0
1197 8 0 0 2 0 0 0 0 0
1199 4 0 0 2 0 0 0 0 0
1200 2 1 1 0 0 0 0 0 0
1204 6 0 0 2 0 0 2 0 0
1206 4 1 1 2 0 0 0 0 0
1217 10 0 0 2 0 0 0 0 0
1224 75 1 1 4 0 0 4 0 0
1225 51 0 0 17 0 0 0 0 0
1226 8 0 0 2 0 0 0 0 0
1227 30 0 0 0 0 0 0 0 0
1228 4 1 1 4 0 0 0 0 0
1230 30 0 0 0 0 0 15 0 0
1234 6 0 0 2 0 0 0 0 0
1251 197 1 1 51 0 0 34 0 0
1254 4 1 1 2 0 0 0 0 0
1261 8 0 0 2 0 0 0 0 0
1265 30 2 2 30 0 0 0 0 0
fn=hack_digit
167 48 1 1 0 0 0 48 0 0
170 95 2 1 30 0 0 7 0 0
172 80 0 0 48 0 0 32 0 0
174 21 0 0 7 0 0 0 0 0
175 49 0 0 0 0 0 7 0 0
180 18 0 0 0 0 0 0 0 0
184 54 1 1 18 0 0 0 0 0
186 36 0 0 27 0 0 9 0 0
187 9 0 0 9 0 0 0 0 0
189 18 0 0 9 0 0 9 0 0
190 54 0 0 18 0 0 0 0 0
201 36 1 1 0 0 0 0 0 0
202 9 0 0 0 0 0 0 0 0
203 20 0 0 10 0 0 10 0 0
207 80 2 2 80 0 0 0 0 0
fl=/build/glibc-D9JkfM/glibc-2.27/stdio-common/vfprintf.c
fn=vfprintf
1244 23 2 2 5 0 0 17 5 5
1246 1 0 0 0 0 0 1 1 1
1275 6 1 1 3 1 1 1 0 0
1283 6 0 0 2 1 1 2 0 0
1287 3 0 0 1 0 0 0 0 0
1298 2 0 0 0 0 0 0 0 0
1301 2 0 0 4 0 0 0 0 0
1305 2 0 0 0 0 0 1 0 0
1309 3 0 0 0 0 0 4 1 1
1313 1 0 0 0 0 0 2 0 0
1320 1 0 0 0 0 0 1 1 1
1324 10 2 2 2 2 2 4 0 0
1325 8 2 2 3 0 0 1 0 0
1328 13 1 1 3 1 1 0 0 0
1332 3 0 0 2 0 0 0 0 0
1336 9 0 0 3 1 1 0 0 0
1357 2 0 0 0 0 0 2 0 0
1358 2 0 0 0 0 0 0 0 0
1359 2 0 0 0 0 0 0 0 0
1360 2 0 0 0 0 0 0 0 0
1361 2 0 0 0 0 0 0 0 0
1362 2 0 0 0 0 0 0 0 0
1363 2 0 0 0 0 0 0 0 0
1364 2 0 0 0 0 0 0 0 0
1365 2 1 1 0 0 0 0 0 0
1366 2 0 0 0 0 0 0 0 0
1367 2 0 0 0 0 0 0 0 0
1370 2 0 0 0 0 0 0 0 0
1371 2 0 0 0 0 0 0 0 0
1374 4 0 0 0 0 0 2 0 0
1375 4 0 0 2 0 0 0 0 0
1378 38 2 2 10 2 2 5 0 0
1615 26 2 2 10 0 0 2 0 0
1636 8 0 0 2 1 1 0 0 0
1637 2 0 0 0 0 0 1 0 0
1642 96 9 8 12 0 0 20 0 0
1660 6 2 2 2 0 0 2 0 0
1662 4 0 0 2 0 0 0 0 0
1670 8 0 0 2 0 0 4 0 0
1674 32 1 1 6 0 0 0 0 0
1676 5 1 1 2 0 0 0 0 0
1696 7 1 1 3 0 0 1 0 0
1697 2 0 0 1 0 0 0 0 0
1700 15 1 1 15 0 0 0 0 0
fl=/build/glibc-D9JkfM/glibc-2.27/stdlib/../stdlib/strtol.c
fn=strtol
106 6 2 2 2 0 0 0 0 0
fl=/build/glibc-D9JkfM/glibc-2.27/stdlib/../stdlib/strtol_l.c
fn=____strtol_l_internal
226 6 1 1 0 0 0 6 1 0
246 2 0 0 0 0 0 0 0 0
252 1 0 0 0 0 0 0 0 0
273 1 0 0 0 0 0 0 0 0
274 1 0 0 0 0 0 0 0 0
283 3 0 0 0 0 0 0 0 0
292 7 1 1 3 2 1 1 0 0
294 2 1 1 0 0 0 1 0 0
298 1 0 0 0 0 0 0 0 0
299 4 0 0 0 0 0 2 0 0
305 3 0 0 0 0 0 0 0 0
308 3 0 0 1 0 0 0 0 0
318 1 0 0 0 0 0 0 0 0
325 2 1 1 0 0 0 0 0 0
328 5 1 1 0 0 0 0 0 0
376 1 0 0 0 0 0 0 0 0
377 1 0 0 0 0 0 0 0 0
432 12 0 0 6 0 0 0 0 0
434 22 0 0 0 0 0 0 0 0
436 24 1 1 0 0 0 0 0 0
450 1 0 0 0 0 0 0 0 0
460 2 0 0 1 1 0 0 0 0
461 3 0 0 1 0 0 0 0 0
464 12 0 0 0 0 0 0 0 0
467 24 0 0 0 0 0 0 0 0
472 1 1 1 0 0 0 0 0 0
473 12 0 0 0 0 0 0 0 0
478 2 1 1 0 0 0 0 0 0
483 1 0 0 0 0 0 0 0 0
489 1 0 0 0 0 0 0 0 0
490 5 1 1 4 0 0 0 0 0
492 1 1 1 0 0 0 0 0 0
525 4 0 0 6 0 0 0 0 0
fl=/build/glibc-D9JkfM/glibc-2.27/stdlib/../sysdeps/ieee754/dbl-64/dbl2mpn.c
fn=__mpn_extract_double
35 2 1 1 0 0 0 0 0 0
37 4 0 0 0 0 0 2 0 0
38 6 0 0 0 0 0 2 0 0
47 4 0 0 0 0 0 2 0 0
56 6 0 0 0 0 0 0 0 0
103 4 1 1 0 0 0 2 0 0
107 4 0 0 0 0 0 0 0 0
fl=/build/glibc-D9JkfM/glibc-2.27/stdlib/cmp.c
fn=__mpn_cmp
35 2 1 1 0 0 0 0 0 0
37 1 1 1 1 0 0 0 0 0
38 1 0 0 1 0 0 0 0 0
39 2 0 0 0 0 0 0 0 0
47 3 0 0 0 0 0 0 0 0
48 1 0 0 0 0 0 0 0 0
fl=/build/glibc-D9JkfM/glibc-2.27/stdlib/cxa_atexit.c
fn=__cxa_atexit
66 3 2 2 0 0 0 0 0 0
fn=__internal_atexit
36 7 2 2 0 0 0 6 1 1
39 9 0 0 2 1 1 1 0 0
40 2 0 0 0 0 0 0 0 0
42 1 1 1 0 0 0 0 0 0
49 4 0 0 2 0 0 0 0 0
51 1 0 0 0 0 0 2 0 0
53 1 0 0 0 0 0 2 0 0
54 1 0 0 0 0 0 0 0 0
55 7 0 0 2 0 0 1 0 0
56 1 0 0 0 0 0 0 0 0
57 5 1 1 6 0 0 0 0 0
fn=__new_exitfn
78 4 0 0 0 0 0 4 0 0
79 1 0 0 0 0 0 0 0 0
84 3 1 1 1 1 0 0 0 0
89 7 1 1 2 1 0 0 0 0
91 2 0 0 1 1 0 0 0 0
99 1 0 0 0 0 0 1 0 0
120 1 0 0 0 0 0 0 0 0
121 3 1 1 0 0 0 1 0 0
134 2 0 0 0 0 0 1 0 0
135 4 1 1 1 0 0 1 0 0
139 3 0 0 4 0 0 0 0 0
fl=/build/glibc-D9JkfM/glibc-2.27/stdlib/cxa_finalize.c
fn=__cxa_finalize
30 16 1 1 0 0 0 24 0 0
33 18 1 1 4 0 0 2 0 0
36 12 1 1 4 0 0 0 0 0
40 12 0 0 2 0 0 0 0 0
43 2 0 0 0 0 0 0 0 0
79 4 0 0 2 0 0 0 0 0
94 10 0 0 4 0 0 0 0 0
98 12 1 1 2 1 1 0 0 0
106 2 0 0 0 0 0 0 0 0
107 4 0 0 0 0 0 0 0 0
109 14 1 1 4 0 0 2 0 0
110 14 0 0 24 0 0 0 0 0
fl=/build/glibc-D9JkfM/glibc-2.27/stdlib/cxa_thread_atexit_impl.c
fn=__call_tls_dtors
145 4 2 2 0 0 0 5 0 0
146 5 0 0 2 0 0 0 0 0
164 4 1 1 5 0 0 0 0 0
fl=/build/glibc-D9JkfM/glibc-2.27/stdlib/divrem.c
fn=__mpn_divrem
46 18 1 1 0 0 0 18 0 0
47 9 0 0 0 0 0 9 0 0
49 18 0 0 0 0 0 0 0 0
62 9 0 0 9 0 0 0 0 0
63 18 1 1 9 0 0 0 0 0
65 18 1 1 0 0 0 0 0 0
67 1 1 1 0 0 0 0 0 0
68 2 0 0 0 0 0 1 0 0
71 9 0 0 0 0 0 0 0 0
72 33 0 0 0 0 0 0 0 0
73 105 1 1 5 0 0 5 0 0
76 18 1 1 0 0 0 0 0 0
79 9 1 1 0 0 0 9 0 0
234 27 0 0 27 0 0 0 0 0
fl=/build/glibc-D9JkfM/glibc-2.27/stdlib/exit.c
fn=__run_exit_handlers
40 11 2 2 0 0 0 13 0 0
45 2 0 0 0 0 0 0 0 0
46 2 0 0 0 0 0 0 0 0
56 16 0 0 4 1 1 2 0 0
59 2 1 1 2 0 0 0 0 0
61 2 0 0 0 0 0 0 0 0
65 3 1 1 0 0 0 1 1 1
66 7 0 0 2 0 0 1 0 0
70 4 1 1 2 1 1 0 0 0
72 2 0 0 0 0 0 1 0 0
73 2 0 0 1 0 0 0 0 0
76 8 1 1 2 0 0 1 0 0
77 6 0 0 1 0 0 0 0 0
96 4 0 0 1 0 0 0 0 0
103 1 0 0 0 0 0 1 0 0
106 3 0 0 2 0 0 0 0 0
108 3 1 1 2 0 0 0 0 0
109 1 0 0 0 0 0 0 0 0
112 8 0 0 2 0 0 1 0 0
114 3 0 0 1 0 0 0 0 0
120 2 1 1 1 0 0 1 0 0
121 1 0 0 0 0 0 0 0 0
126 7 0 0 2 0 0 1 0 0
129 2 0 0 1 0 0 0 0 0
130 18 1 1 1 1 1 0 0 0
132 2 0 0 0 0 0 0 0 0
fn=exit
138 2 2 2 0 0 0 2 0 0
139 5 0 0 0 0 0 0 0 0
fl=/build/glibc-D9JkfM/glibc-2.27/stdlib/lshift.c
fn=__mpn_lshift
64 4 0 0 0 0 0 0 0 0
65 2 1 1 0 0 0 0 0 0
66 4 1 1 2 0 0 0 0 0
67 2 0 0 0 0 0 0 0 0
68 2 0 0 0 0 0 0 0 0
69 4 0 0 0 0 0 0 0 0
75 6 1 1 0 0 0 2 0 0
78 4 0 0 0 0 0 0 0 0
fl=/build/glibc-D9JkfM/glibc-2.27/stdlib/mul_1.c
fn=__mpn_mul_1
36 34 1 1 0 0 0 0 0 0
42 34 0 0 0 0 0 0 0 0
45 249 1 1 18 0 0 0 0 0
47 36 0 0 0 0 0 0 0 0
48 54 0 0 0 0 0 0 0 0
50 35 0 0 0 0 0 18 0 0
52 54 0 0 0 0 0 0 0 0
55 34 1 1 0 0 0 0 0 0
fl=/build/glibc-D9JkfM/glibc-2.27/stdlib/rand.c
fn=rand
26 5242882 1 1 0 0 0 5242882 0 0
27 2621441 0 0 0 0 0 0 0 0
28 5242882 0 0 5242882 0 0 0 0 0
fl=/build/glibc-D9JkfM/glibc-2.27/stdlib/random.c
fn=random
288 20971528 1 1 5242882 1 1 13107205 0 0
291 23593157 1 1 2621488 2 2 2621488 0 0
293 10485764 0 0 0 0 0 0 0 0
295 18350189 0 0 2621475 0 0 2621475 0 0
298 23592969 1 1 20971528 0 0 0 0 0
fl=/build/glibc-D9JkfM/glibc-2.27/stdlib/random_r.c
fn=random_r
357 7864323 1 1 0 0 0 0 0 0
360 7779761 1 1 2621441 0 0 0 0 0
362 5242882 0 0 2621441 2 1 0 0 0
372 2621441 0 0 2621441 0 0 0 0 0
375 15728646 1 1 10485764 5 3 2621441 0 0
377 5242882 0 0 0 0 0 2621441 0 0
379 5242882 0 0 0 0 0 0 0 0
387 5073758 0 0 0 0 0 0 0 0
391 2621441 0 0 0 0 0 5242882 0 0
393 2621441 0 0 0 0 0 0 0 0
398 5242882 0 0 0 0 0 0 0 0
fl=/build/glibc-D9JkfM/glibc-2.27/stdlib/rshift.c
fn=__mpn_rshift
45 9 0 0 0 0 0 0 0 0
64 6 1 1 0 0 0 0 0 0
65 3 0 0 3 0 0 0 0 0
66 3 0 0 0 0 0 0 0 0
69 27 0 0 0 0 0 0 0 0
71 9 0 0 3 0 0 0 0 0
72 15 1 1 0 0 0 3 0 0
75 9 0 0 0 0 0 3 0 0
78 6 0 0 0 0 0 0 0 0
fl=/build/glibc-D9JkfM/glibc-2.27/string/../sysdeps/aarch64/memcmp.S
fn=bcmp
49 2 1 1 0 0 0 0 0 0
50 2 0 0 0 0 0 0 0 0
52 1 0 0 1 0 0 0 0 0
53 1 0 0 1 1 1 0 0 0
54 1 0 0 0 0 0 0 0 0
55 1 0 0 0 0 0 0 0 0
57 1 0 0 0 0 0 0 0 0
58 1 0 0 0 0 0 0 0 0
60 1 0 0 1 0 0 0 0 0
61 1 0 0 1 0 0 0 0 0
62 1 0 0 0 0 0 0 0 0
120 1 1 1 0 0 0 0 0 0
121 1 0 0 0 0 0 0 0 0
123 1 0 0 0 0 0 0 0 0
125 1 1 1 0 0 0 0 0 0
126 1 0 0 0 0 0 0 0 0
127 1 0 0 0 0 0 0 0 0
132 1 0 0 0 0 0 0 0 0
133 1 0 0 0 0 0 0 0 0
134 1 0 0 1 0 0 0 0 0
135 1 0 0 1 1 1 0 0 0
136 1 0 0 0 0 0 0 0 0
137 1 0 0 0 0 0 0 0 0
138 1 0 0 0 0 0 0 0 0
140 1 0 0 0 0 0 0 0 0
141 1 0 0 0 0 0 0 0 0
143 3 0 0 3 0 0 0 0 0
144 3 0 0 3 0 0 0 0 0
145 3 0 0 0 0 0 0 0 0
146 3 1 1 0 0 0 0 0 0
147 3 0 0 0 0 0 0 0 0
148 1 0 0 0 0 0 0 0 0
149 1 0 0 0 0 0 0 0 0
fl=/build/glibc-D9JkfM/glibc-2.27/string/../sysdeps/aarch64/memset.S
fn=__GI_memset
37 1 1 1 0 0 0 0 0 0
38 1 0 0 0 0 0 0 0 0
40 1 0 0 0 0 0 0 0 0
41 1 0 0 0 0 0 0 0 0
84 1 1 1 0 0 0 0 0 0
85 1 0 0 0 0 0 0 0 0
86 1 0 0 0 0 0 1 0 0
87 1 0 0 0 0 0 0 0 0
88 1 0 0 0 0 0 0 0 0
89 1 0 0 0 0 0 0 0 0
91 1 0 0 0 0 0 0 0 0
92 1 0 0 0 0 0 0 0 0
93 1 0 0 0 0 0 0 0 0
94 8 0 0 0 0 0 16 0 0
95 8 0 0 0 0 0 16 8 8
97 8 0 0 0 0 0 0 0 0
98 8 0 0 0 0 0 0 0 0
99 1 0 0 0 0 0 2 0 0
100 1 0 0 0 0 0 2 0 0
101 2 1 1 0 0 0 0 0 0
108 1 0 0 0 0 0 0 0 0
109 1 0 0 0 0 0 0 0 0
fn=memset
37 10 2 2 0 0 0 0 0 0
38 10 0 0 0 0 0 0 0 0
40 10 0 0 0 0 0 0 0 0
41 10 0 0 0 0 0 0 0 0
42 7 0 0 0 0 0 0 0 0
43 7 0 0 0 0 0 0 0 0
44 7 0 0 0 0 0 0 0 0
47 7 0 0 0 0 0 0 0 0
48 1 0 0 0 0 0 1 1 1
49 1 0 0 0 0 0 1 0 0
50 1 0 0 0 0 0 0 0 0
52 6 0 0 0 0 0 0 0 0
53 4 0 0 0 0 0 4 0 0
54 4 0 0 0 0 0 4 0 0
55 4 0 0 0 0 0 0 0 0
56 2 2 2 0 0 0 0 0 0
57 2 0 0 0 0 0 2 0 0
58 2 0 0 0 0 0 0 0 0
59 2 0 0 0 0 0 2 0 0
60 2 0 0 0 0 0 0 0 0
84 3 2 1 0 0 0 0 0 0
85 3 0 0 0 0 0 0 0 0
86 3 0 0 0 0 0 3 2 2
87 3 0 0 0 0 0 0 0 0
88 3 0 0 0 0 0 0 0 0
89 3 0 0 0 0 0 0 0 0
91 3 0 0 0 0 0 0 0 0
92 3 0 0 0 0 0 0 0 0
93 3 0 0 0 0 0 0 0 0
94 66 0 0 0 0 0 132 39 39
95 66 0 0 0 0 0 132 27 27
97 66 0 0 0 0 0 0 0 0
98 66 0 0 0 0 0 0 0 0
99 3 0 0 0 0 0 6 0 0
100 3 0 0 0 0 0 6 2 2
101 5 1 1 0 0 0 0 0 0
108 2 0 0 0 0 0 0 0 0
109 2 0 0 0 0 0 0 0 0
fl=/build/glibc-D9JkfM/glibc-2.27/string/../sysdeps/aarch64/multiarch/../memcpy.S
fn=__GI_memcpy
89 6 2 1 0 0 0 0 0 0
90 6 0 0 0 0 0 0 0 0
91 6 0 0 0 0 0 0 0 0
92 6 0 0 0 0 0 0 0 0
93 6 0 0 0 0 0 0 0 0
115 6 1 1 0 0 0 0 0 0
116 6 0 0 0 0 0 0 0 0
117 3 0 0 3 1 1 0 0 0
118 3 0 0 3 0 0 0 0 0
119 3 0 0 0 0 0 3 1 1
120 3 0 0 0 0 0 3 0 0
121 3 0 0 0 0 0 0 0 0
124 3 1 1 0 0 0 0 0 0
134 3 0 0 0 0 0 0 0 0
135 3 0 0 0 0 0 0 0 0
136 3 0 0 3 0 0 0 0 0
137 3 0 0 3 0 0 0 0 0
138 3 0 0 3 0 0 0 0 0
139 3 0 0 0 0 0 3 0 0
140 3 0 0 0 0 0 3 0 0
141 3 0 0 0 0 0 3 0 0
142 3 0 0 0 0 0 0 0 0
fn=memcpy
89 30 1 1 0 0 0 0 0 0
90 30 0 0 0 0 0 0 0 0
91 30 0 0 0 0 0 0 0 0
92 30 0 0 0 0 0 0 0 0
93 30 0 0 0 0 0 0 0 0
94 9 0 0 0 0 0 0 0 0
95 9 0 0 0 0 0 0 0 0
98 8 0 0 0 0 0 0 0 0
99 8 0 0 16 0 0 0 0 0
100 8 0 0 0 0 0 0 0 0
101 8 0 0 16 0 0 0 0 0
102 8 0 0 0 0 0 0 0 0
103 7 0 0 14 0 0 0 0 0
104 7 0 0 14 0 0 0 0 0
105 7 0 0 0 0 0 14 3 3
106 7 0 0 0 0 0 14 0 0
108 8 0 0 0 0 0 16 0 0
109 8 0 0 0 0 0 16 3 3
110 8 0 0 0 0 0 0 0 0
115 21 1 1 0 0 0 0 0 0
116 21 0 0 0 0 0 0 0 0
117 16 0 0 16 1 0 0 0 0
118 16 0 0 16 0 0 0 0 0
119 16 0 0 0 0 0 16 3 3
120 16 0 0 0 0 0 16 1 1
121 16 0 0 0 0 0 0 0 0
124 5 2 1 0 0 0 0 0 0
125 2 0 0 2 0 0 0 0 0
126 2 0 0 2 0 0 0 0 0
127 2 0 0 0 0 0 2 0 0
128 2 0 0 0 0 0 2 0 0
129 2 0 0 0 0 0 0 0 0
134 3 0 0 0 0 0 0 0 0
135 2 0 0 0 0 0 0 0 0
136 2 0 0 2 1 1 0 0 0
137 2 0 0 2 0 0 0 0 0
138 2 0 0 2 0 0 0 0 0
139 2 0 0 0 0 0 2 2 2
140 2 0 0 0 0 0 2 0 0
141 2 0 0 0 0 0 2 0 0
142 3 0 0 0 0 0 0 0 0
168 1 1 1 0 0 0 0 0 0
169 1 0 0 0 0 0 0 0 0
170 1 0 0 2 0 0 0 0 0
171 1 0 0 0 0 0 0 0 0
172 1 1 1 0 0 0 0 0 0
173 1 0 0 2 0 0 0 0 0
174 1 0 0 0 0 0 2 1 1
175 1 0 0 2 0 0 0 0 0
176 1 0 0 2 0 0 0 0 0
177 1 0 0 2 0 0 0 0 0
178 1 0 0 0 0 0 0 0 0
179 1 0 0 0 0 0 0 0 0
181 8 0 0 0 0 0 16 0 0
182 8 0 0 16 0 0 0 0 0
183 8 0 0 0 0 0 16 8 8
184 8 0 0 16 0 0 0 0 0
185 8 0 0 0 0 0 16 0 0
186 8 0 0 16 0 0 0 0 0
187 8 0 0 0 0 0 16 0 0
188 8 0 0 16 0 0 0 0 0
189 8 1 1 0 0 0 0 0 0
190 8 0 0 0 0 0 0 0 0
196 1 0 0 2 0 0 0 0 0
197 1 0 0 0 0 0 2 0 0
198 1 0 0 2 0 0 0 0 0
199 1 0 0 0 0 0 2 1 1
200 1 0 0 2 0 0 0 0 0
201 1 0 0 0 0 0 2 0 0
202 1 0 0 2 0 0 0 0 0
203 1 0 0 0 0 0 2 0 0
204 1 0 0 0 0 0 2 0 0
205 1 0 0 0 0 0 2 0 0
206 1 0 0 0 0 0 2 0 0
207 1 0 0 0 0 0 2 0 0
208 1 0 0 0 0 0 0 0 0
fl=/build/glibc-D9JkfM/glibc-2.27/string/../sysdeps/aarch64/multiarch/memset.c
fn=mempcpy
34 16 1 1 0 0 0 12 0 0
fl=/build/glibc-D9JkfM/glibc-2.27/string/../sysdeps/aarch64/strchr.S
fn=index
66 7 1 1 0 0 0 0 0 0
67 7 0 0 0 0 0 0 0 0
68 7 0 0 0 0 0 0 0 0
69 7 0 0 0 0 0 0 0 0
70 7 0 0 0 0 0 0 0 0
71 7 0 0 0 0 0 0 0 0
72 7 0 0 0 0 0 0 0 0
73 7 0 0 0 0 0 0 0 0
79 4 0 0 8 3 3 0 0 0
80 4 0 0 0 0 0 0 0 0
81 4 0 0 0 0 0 0 0 0
82 4 0 0 0 0 0 0 0 0
83 4 0 0 0 0 0 0 0 0
84 4 0 0 0 0 0 0 0 0
85 4 0 0 0 0 0 0 0 0
86 4 0 0 0 0 0 0 0 0
87 4 0 0 0 0 0 0 0 0
88 4 0 0 0 0 0 0 0 0
89 4 0 0 0 0 0 0 0 0
90 4 0 0 0 0 0 0 0 0
91 4 0 0 0 0 0 0 0 0
92 4 0 0 0 0 0 0 0 0
93 4 0 0 0 0 0 0 0 0
94 4 0 0 0 0 0 0 0 0
95 4 0 0 0 0 0 0 0 0
97 4 0 0 0 0 0 0 0 0
98 4 0 0 0 0 0 0 0 0
99 4 0 0 0 0 0 0 0 0
102 6 1 1 12 1 1 0 0 0
103 6 0 0 0 0 0 0 0 0
104 6 0 0 0 0 0 0 0 0
105 6 0 0 0 0 0 0 0 0
106 6 1 1 0 0 0 0 0 0
108 6 0 0 0 0 0 0 0 0
109 6 0 0 0 0 0 0 0 0
110 6 0 0 0 0 0 0 0 0
111 6 0 0 0 0 0 0 0 0
112 6 0 0 0 0 0 0 0 0
113 6 0 0 0 0 0 0 0 0
117 5 0 0 0 0 0 0 0 0
118 5 0 0 0 0 0 0 0 0
119 5 0 0 0 0 0 0 0 0
120 5 0 0 0 0 0 0 0 0
121 5 0 0 0 0 0 0 0 0
122 5 0 0 0 0 0 0 0 0
123 5 0 0 0 0 0 0 0 0
124 5 0 0 0 0 0 0 0 0
126 5 0 0 0 0 0 0 0 0
128 7 1 1 0 0 0 0 0 0
129 7 0 0 0 0 0 0 0 0
130 7 0 0 0 0 0 0 0 0
133 7 0 0 0 0 0 0 0 0
134 7 0 0 0 0 0 0 0 0
135 7 0 0 0 0 0 0 0 0
136 7 0 0 0 0 0 0 0 0
fl=/build/glibc-D9JkfM/glibc-2.27/string/../sysdeps/aarch64/strchrnul.S
fn=strchrnul
66 3 2 1 0 0 0 0 0 0
67 3 0 0 0 0 0 0 0 0
68 3 0 0 0 0 0 0 0 0
69 3 0 0 0 0 0 0 0 0
70 3 2 1 0 0 0 0 0 0
71 3 0 0 0 0 0 0 0 0
72 3 0 0 0 0 0 0 0 0
78 3 0 0 6 1 1 0 0 0
79 3 0 0 0 0 0 0 0 0
80 3 0 0 0 0 0 0 0 0
81 3 0 0 0 0 0 0 0 0
82 3 0 0 0 0 0 0 0 0
83 3 0 0 0 0 0 0 0 0
84 3 0 0 0 0 0 0 0 0
85 3 0 0 0 0 0 0 0 0
86 3 0 0 0 0 0 0 0 0
87 3 0 0 0 0 0 0 0 0
88 3 0 0 0 0 0 0 0 0
89 3 0 0 0 0 0 0 0 0
90 3 0 0 0 0 0 0 0 0
91 3 2 1 0 0 0 0 0 0
92 3 0 0 0 0 0 0 0 0
94 3 0 0 0 0 0 0 0 0
95 3 0 0 0 0 0 0 0 0
96 3 0 0 0 0 0 0 0 0
99 1 0 0 2 1 1 0 0 0
100 1 0 0 0 0 0 0 0 0
101 1 0 0 0 0 0 0 0 0
102 1 0 0 0 0 0 0 0 0
103 1 0 0 0 0 0 0 0 0
105 1 0 0 0 0 0 0 0 0
106 1 0 0 0 0 0 0 0 0
107 1 0 0 0 0 0 0 0 0
108 1 0 0 0 0 0 0 0 0
109 1 0 0 0 0 0 0 0 0
110 1 0 0 0 0 0 0 0 0
114 1 0 0 0 0 0 0 0 0
115 1 0 0 0 0 0 0 0 0
116 1 0 0 0 0 0 0 0 0
117 1 0 0 0 0 0 0 0 0
119 1 0 0 0 0 0 0 0 0
122 3 1 1 0 0 0 0 0 0
124 3 0 0 0 0 0 0 0 0
125 3 0 0 0 0 0 0 0 0
127 3 0 0 0 0 0 0 0 0
128 3 0 0 0 0 0 0 0 0
fl=/build/glibc-D9JkfM/glibc-2.27/string/../sysdeps/aarch64/strcmp.S
fn=strcmp
54 268 2 1 0 0 0 0 0 0
55 268 0 0 0 0 0 0 0 0
56 268 0 0 0 0 0 0 0 0
57 268 0 0 0 0 0 0 0 0
58 92 0 0 0 0 0 0 0 0
59 92 0 0 0 0 0 0 0 0
64 100 0 0 100 1 0 0 0 0
65 100 0 0 100 1 0 0 0 0
67 168 0 0 0 0 0 0 0 0
68 168 0 0 0 0 0 0 0 0
69 168 0 0 0 0 0 0 0 0
70 168 0 0 0 0 0 0 0 0
71 168 0 0 0 0 0 0 0 0
72 168 0 0 0 0 0 0 0 0
77 156 0 0 0 0 0 0 0 0
78 156 0 0 0 0 0 0 0 0
83 156 2 1 0 0 0 0 0 0
84 156 0 0 0 0 0 0 0 0
85 156 0 0 0 0 0 0 0 0
86 156 0 0 0 0 0 0 0 0
89 156 0 0 0 0 0 0 0 0
90 156 0 0 0 0 0 0 0 0
91 156 0 0 0 0 0 0 0 0
130 68 0 0 0 0 0 0 0 0
131 68 0 0 0 0 0 0 0 0
132 68 0 0 0 0 0 0 0 0
133 68 0 0 68 5 3 0 0 0
134 68 0 0 0 0 0 0 0 0
135 68 0 0 68 0 0 0 0 0
136 68 0 0 0 0 0 0 0 0
142 68 0 0 0 0 0 0 0 0
144 68 0 0 0 0 0 0 0 0
145 68 0 0 0 0 0 0 0 0
146 68 0 0 0 0 0 0 0 0
152 176 5 2 0 0 0 0 0 0
153 176 0 0 0 0 0 0 0 0
155 307 0 0 307 25 12 0 0 0
156 307 0 0 307 12 0 0 0 0
157 307 0 0 0 0 0 0 0 0
158 307 0 0 0 0 0 0 0 0
159 307 0 0 0 0 0 0 0 0
160 195 0 0 0 0 0 0 0 0
161 195 0 0 0 0 0 0 0 0
166 99 0 0 0 0 0 0 0 0
167 99 0 0 0 0 0 0 0 0
168 99 0 0 0 0 0 0 0 0
169 99 0 0 99 15 12 0 0 0
170 99 0 0 99 6 4 0 0 0
172 99 3 2 0 0 0 0 0 0
173 99 0 0 0 0 0 0 0 0
174 99 0 0 0 0 0 0 0 0
175 99 0 0 0 0 0 0 0 0
176 99 0 0 0 0 0 0 0 0
177 99 0 0 0 0 0 0 0 0
178 64 0 0 0 0 0 0 0 0
181 112 0 0 0 0 0 0 0 0
182 112 0 0 0 0 0 0 0 0
fl=/build/glibc-D9JkfM/glibc-2.27/string/../sysdeps/aarch64/strlen.S
fn=strlen
90 15 2 2 0 0 0 0 0 0
91 15 0 0 0 0 0 0 0 0
92 15 0 0 0 0 0 0 0 0
93 15 0 0 0 0 0 0 0 0
94 14 0 0 28 2 2 0 0 0
103 14 0 0 0 0 0 0 0 0
104 14 0 0 0 0 0 0 0 0
105 14 0 0 0 0 0 0 0 0
106 14 0 0 0 0 0 0 0 0
107 14 0 0 0 0 0 0 0 0
108 14 0 0 0 0 0 0 0 0
109 14 0 0 0 0 0 0 0 0
110 14 0 0 0 0 0 0 0 0
113 8 0 0 0 0 0 0 0 0
114 8 0 0 0 0 0 0 0 0
115 8 0 0 0 0 0 0 0 0
116 8 1 1 0 0 0 0 0 0
117 8 0 0 0 0 0 0 0 0
118 8 0 0 0 0 0 0 0 0
119 8 0 0 0 0 0 0 0 0
126 6 0 0 0 0 0 0 0 0
127 6 0 0 0 0 0 0 0 0
129 6 0 0 12 0 0 0 0 0
131 7 1 1 0 0 0 0 0 0
132 7 0 0 0 0 0 0 0 0
133 7 0 0 0 0 0 0 0 0
134 7 0 0 0 0 0 0 0 0
135 7 0 0 0 0 0 0 0 0
136 6 0 0 12 1 1 0 0 0
137 6 0 0 0 0 0 0 0 0
138 6 0 0 0 0 0 0 0 0
139 6 0 0 0 0 0 0 0 0
140 6 0 0 0 0 0 0 0 0
141 6 0 0 0 0 0 0 0 0
142 6 0 0 0 0 0 0 0 0
145 7 1 1 0 0 0 0 0 0
146 7 0 0 0 0 0 0 0 0
147 7 0 0 0 0 0 0 0 0
148 7 0 0 0 0 0 0 0 0
149 7 0 0 0 0 0 0 0 0
150 7 0 0 0 0 0 0 0 0
165 7 0 0 0 0 0 0 0 0
167 7 0 0 0 0 0 0 0 0
168 7 0 0 0 0 0 0 0 0
169 7 0 0 0 0 0 0 0 0
170 7 0 0 0 0 0 0 0 0
171 7 0 0 0 0 0 0 0 0
172 7 0 0 0 0 0 0 0 0
173 7 1 1 0 0 0 0 0 0
200 1 1 1 0 0 0 0 0 0
201 1 0 0 2 0 0 0 0 0
202 1 0 0 0 0 0 0 0 0
203 1 0 0 0 0 0 0 0 0
209 1 0 0 0 0 0 0 0 0
211 1 0 0 0 0 0 0 0 0
212 1 0 0 0 0 0 0 0 0
213 1 0 0 0 0 0 0 0 0
214 1 0 0 0 0 0 0 0 0
215 1 0 0 0 0 0 0 0 0
216 1 0 0 0 0 0 0 0 0
217 1 0 0 0 0 0 0 0 0
fl=/build/glibc-D9JkfM/glibc-2.27/string/../sysdeps/aarch64/strrchr.S
fn=rindex
72 1 1 1 0 0 0 0 0 0
76 1 0 0 0 0 0 0 0 0
77 1 0 0 0 0 0 0 0 0
78 1 0 0 0 0 0 0 0 0
79 1 0 0 0 0 0 0 0 0
80 1 0 0 0 0 0 0 0 0
81 1 0 0 0 0 0 0 0 0
82 1 0 0 0 0 0 0 0 0
83 1 0 0 0 0 0 0 0 0
84 1 0 0 0 0 0 0 0 0
90 1 0 0 2 1 0 0 0 0
91 1 0 0 0 0 0 0 0 0
92 1 0 0 0 0 0 0 0 0
93 1 0 0 0 0 0 0 0 0
94 1 0 0 0 0 0 0 0 0
95 1 0 0 0 0 0 0 0 0
96 1 1 1 0 0 0 0 0 0
97 1 0 0 0 0 0 0 0 0
98 1 0 0 0 0 0 0 0 0
99 1 0 0 0 0 0 0 0 0
100 1 0 0 0 0 0 0 0 0
101 1 0 0 0 0 0 0 0 0
102 1 0 0 0 0 0 0 0 0
103 1 0 0 0 0 0 0 0 0
104 1 0 0 0 0 0 0 0 0
105 1 0 0 0 0 0 0 0 0
106 1 0 0 0 0 0 0 0 0
107 1 0 0 0 0 0 0 0 0
108 1 0 0 0 0 0 0 0 0
110 1 0 0 0 0 0 0 0 0
111 1 0 0 0 0 0 0 0 0
112 1 0 0 0 0 0 0 0 0
115 1 1 1 0 0 0 0 0 0
116 1 0 0 0 0 0 0 0 0
117 1 0 0 0 0 0 0 0 0
119 1 0 0 2 0 0 0 0 0
120 1 0 0 0 0 0 0 0 0
121 1 0 0 0 0 0 0 0 0
122 1 0 0 0 0 0 0 0 0
123 1 0 0 0 0 0 0 0 0
124 1 0 0 0 0 0 0 0 0
125 1 0 0 0 0 0 0 0 0
126 1 0 0 0 0 0 0 0 0
127 1 0 0 0 0 0 0 0 0
128 1 0 0 0 0 0 0 0 0
129 1 0 0 0 0 0 0 0 0
130 1 0 0 0 0 0 0 0 0
131 1 0 0 0 0 0 0 0 0
132 1 1 1 0 0 0 0 0 0
134 1 0 0 0 0 0 0 0 0
135 1 0 0 0 0 0 0 0 0
136 1 0 0 0 0 0 0 0 0
137 1 0 0 0 0 0 0 0 0
138 1 0 0 0 0 0 0 0 0
142 1 0 0 0 0 0 0 0 0
143 1 0 0 0 0 0 0 0 0
144 1 0 0 0 0 0 0 0 0
146 1 0 0 0 0 0 0 0 0
147 1 0 0 0 0 0 0 0 0
150 1 0 0 0 0 0 0 0 0
154 1 0 0 0 0 0 0 0 0
155 1 0 0 0 0 0 0 0 0
157 1 0 0 0 0 0 0 0 0
158 1 0 0 0 0 0 0 0 0
160 1 1 1 0 0 0 0 0 0
fl=/build/glibc-D9JkfM/glibc-2.27/string/mempcpy.c
fn=mempcpy
34 60 2 1 0 0 0 45 1 1
35 19 0 0 0 0 0 0 0 0
36 76 0 0 57 0 0 0 0 0
fl=/build/glibc-D9JkfM/glibc-2.27/string/strcspn.c
fn=strcspn
32 4 0 0 0 0 0 3 2 2
33 4 1 1 2 1 1 0 0 0
39 5 0 0 0 0 0 8 1 1
40 4 0 0 0 0 0 8 1 1
41 4 0 0 0 0 0 8 1 1
42 7 1 1 2 0 0 8 0 0
47 10 0 0 0 0 0 3 0 0
48 3 0 0 0 0 0 0 0 0
51 4 0 0 2 0 0 0 0 0
52 4 1 1 2 0 0 0 0 0
53 4 0 0 2 0 0 0 0 0
54 4 0 0 2 0 0 0 0 0
56 2 0 0 0 0 0 0 0 0
62 24 1 1 24 0 0 0 0 0
63 12 0 0 12 0 0 0 0 0
64 36 0 0 36 0 0 0 0 0
65 12 0 0 12 0 0 0 0 0
67 72 0 0 12 0 0 0 0 0
69 1 0 0 0 0 0 0 0 0
70 8 0 0 0 0 0 0 0 0
71 3 0 0 3 0 0 0 0 0
fl=/build/glibc-D9JkfM/glibc-2.27/string/strdup.c
fn=strdup
40 12 2 1 0 0 0 12 0 0
41 6 2 1 0 0 0 0 0 0
42 6 0 0 0 0 0 0 0 0
44 3 0 0 0 0 0 0 0 0
47 9 0 0 0 0 0 0 0 0
48 6 0 0 12 0 0 0 0 0
fl=/build/glibc-D9JkfM/glibc-2.27/time/../sysdeps/unix/sysv/linux/gettimeofday.c
fn=gettimeofday
34 10 1 1 0 0 0 8 2 2
35 30 2 2 6 5 5 0 0 0
36 6 0 0 8 0 0 0 0 0
fl=/nfshome/htseng/courses/CS203/demo/memory/loop/loop.c
fn=main
9 12 2 2 2 0 0 10 1 1
14 2 0 0 0 0 0 0 0 0
18 5 1 1 1 0 0 0 0 0
19 2097158 0 0 524289 1 0 0 0 0
20 4194308 1 1 0 0 0 524289 65537 65536
21 2 0 0 0 0 0 0 0 0
22 2097157 0 0 524288 0 0 0 0 0
23 4194309 1 1 0 0 0 524289 65537 65537
24 3 1 1 0 0 0 0 0 0
25 2097157 0 0 524288 0 0 0 0 0
26 4194308 1 1 0 0 0 524289 65537 65537
27 2 0 0 0 0 0 0 0 0
28 2097156 0 0 524288 0 0 0 0 0
29 4194308 1 1 0 0 0 524288 65536 65536
30 1 0 0 0 0 0 0 0 0
31 2097158 2 2 524291 1 1 0 0 0
32 4718595 0 0 0 0 0 524288 65536 65536
33 3 0 0 0 0 0 0 0 0
35 3 1 1 0 0 0 0 0 0
36 15 1 1 5 3 3 0 0 0
39 13 1 0 12 1 1 0 0 0
45 40 3 3 1 0 0 0 0 0
47 2883590 1 1 1048576 1048576 262144 262144 262144 65536
fl=/usr/include/aarch64-linux-gnu/bits/stdio2.h
fn=main
104 6 1 1 1 1 1 0 0 0
fl=/usr/include/stdlib.h
fn=main
363 5 0 0 1 0 0 1 1 0
fl=???
fn=???
0 10486145 35 29 2621532 16 6 24 2 1
fn=__libc_csu_init
0 32 3 3 9 1 0 8 0 0
fn=call_weak_fn
0 4 1 1 1 0 0 0 0 0
summary: 220883286 1183 1086 61383320 1051352 264286 36975560 590501 393820
